0	0	0	0	0	0	0	0	0	0	0	0	0	0	0	0	0	0	0	0	0	0	0	0	0	0	0	0	0	0	0	0	
0	0.014788	0.0292307	0.0221544	-0.0534223	-0.0158824	0.014495	0.0113267	0.00171091	0.00255336	0.00158187	0.00098898	0.000628015	0.00184742	0.00181354	0.000204937	0.000569833	-6.55989e-05	0.00129278	-0.000526782	-0.000497637	0.000525794	-0.00181532	0.00389988	-0.00625274	0.0184851	-0.0306667	0.055736	-0.0393657	0.0312806	-0.0614799	0	
0	0.0129623	0.0705391	0.0643335	-0.0280956	-0.00951658	0.00629684	0.00336469	0.0120161	0.0127293	0.00603171	0.00369516	0.00462928	0.00521815	0.00392364	0.00210808	0.00319138	0.00085706	0.00194657	-0.000648731	0.00133513	-0.00261822	-0.00126366	-0.0011645	-0.00535327	0.00445754	-0.0413602	-0.00848867	-0.00991944	-0.102606	-0.034093	0	
0	0.0186051	0.0740171	0.0264613	0.0107898	0.00639605	0.00104904	0.00697603	0.0188799	0.0117246	0.00976675	0.00978717	0.00880472	0.00609117	0.00543327	0.00455891	0.00424919	0.00179731	0.00127122	2.78416e-06	-0.00032109	-0.00131075	-0.0074453	-0.000735823	-0.0162594	-0.0139157	-0.043019	-0.0533979	-0.0297494	-0.123735	0.0616004	0	
0	0.0300637	0.0281662	0.00354825	0.03465	0.0256039	0.0136592	0.0179043	0.0150844	0.0123918	0.0164918	0.0142359	0.0103897	0.00804008	0.00835067	0.00590718	0.00375252	0.00263456	0.00155728	-0.000464822	-0.00380737	-0.00010213	-0.0113418	-0.00466847	-0.0192859	-0.0251526	-0.0515625	-0.0536185	-0.0402448	-0.0776279	0.0239684	0	
0	0.0143958	0.0202822	0.0323107	0.0432827	0.0220656	0.0215491	0.0220389	0.0175769	0.0201446	0.0185042	0.0137426	0.0128413	0.0114407	0.008932	0.00563678	0.00408879	0.00251524	8.43131e-05	-0.000916566	-0.00633405	-0.00301709	-0.0121301	-0.0113145	-0.0236292	-0.0298652	-0.0504644	-0.0439153	-0.0542274	-0.0418305	-0.0402296	0	
0	0.010111	0.022562	0.0372908	0.0283063	0.0224353	0.0334015	0.0263124	0.0237086	0.0231056	0.0192985	0.0169697	0.0161455	0.0122523	0.0087074	0.00688873	0.00493809	0.00153733	-0.0021187	-0.00125326	-0.00725088	-0.00764194	-0.013239	-0.015307	-0.0253081	-0.0327964	-0.0511691	-0.0437313	-0.0484737	-0.0305516	-0.037908	0	
0	0.0168856	0.0253181	0.0268082	0.0301812	0.0380914	0.0355715	0.0260566	0.0279682	0.0250089	0.0222602	0.0200008	0.0162149	0.0125097	0.0102621	0.00736723	0.00341995	0.00128981	-0.0026798	-0.00371587	-0.00890511	-0.0102904	-0.0151711	-0.0194025	-0.0281172	-0.0328913	-0.0476501	-0.0505655	-0.0412844	-0.0462899	-0.0386116	0	
0	0.0140117	0.0217664	0.0281255	0.0357442	0.03611	0.030332	0.0312429	0.0326554	0.0266001	0.0241388	0.0210729	0.0171742	0.0141854	0.0109175	0.00681	0.00279424	0.00146618	-0.00332377	-0.00625887	-0.0100263	-0.0121132	-0.0179455	-0.0207745	-0.0294928	-0.0373856	-0.0453299	-0.0527471	-0.0432298	-0.0559097	-0.0263962	0	
0	0.0136635	0.023814	0.0337585	0.0354722	0.0331557	0.0357599	0.0373421	0.0318607	0.0273359	0.0262636	0.0222333	0.0183943	0.0144685	0.0102131	0.0071348	0.00321338	-7.426e-05	-0.00463864	-0.0071243	-0.0111382	-0.014266	-0.0205078	-0.0229162	-0.0296187	-0.0402645	-0.0458054	-0.0510106	-0.0503247	-0.0543441	-0.0250181	0	
0	0.0142536	0.0256455	0.0316761	0.0334793	0.0368192	0.0384785	0.0342471	0.0310842	0.0309744	0.0276719	0.0222159	0.0187141	0.014918	0.0105117	0.00721687	0.00267224	-0.00116421	-0.00485503	-0.00780069	-0.0132791	-0.0158696	-0.0204232	-0.0259098	-0.0322801	-0.0402404	-0.0478476	-0.0507118	-0.0550316	-0.0481137	-0.026737	0	
0	0.0148036	0.0252987	0.0312459	0.0361436	0.0385318	0.0362614	0.0345172	0.0350965	0.0322578	0.0264877	0.0227979	0.0195602	0.0152194	0.0104645	0.00645512	0.00221357	-0.00121316	-0.00568527	-0.00917652	-0.0140492	-0.0173483	-0.0215348	-0.0276104	-0.0348388	-0.039821	-0.0486877	-0.0518884	-0.0533008	-0.042705	-0.0247343	0	
0	0.0145847	0.0250988	0.0325358	0.035904	0.0358479	0.0360383	0.0371972	0.0348741	0.029891	0.0270083	0.024581	0.0193751	0.0144812	0.0104388	0.00643679	0.00203388	-0.00170021	-0.00669954	-0.0101841	-0.0139417	-0.0186237	-0.0239855	-0.0282175	-0.0358859	-0.042011	-0.0485258	-0.0525644	-0.0494552	-0.0408132	-0.0219523	0	
0	0.0146559	0.025628	0.0320412	0.0342631	0.0360383	0.0375678	0.0363479	0.0329946	0.0310169	0.0288213	0.0239427	0.0184484	0.0147955	0.0107329	0.00617253	0.00129954	-0.00242557	-0.00668301	-0.0108615	-0.0152363	-0.0193617	-0.0251688	-0.0298234	-0.0362583	-0.0437427	-0.0477059	-0.0510534	-0.0457488	-0.0374286	-0.0181169	0	
0	0.0145097	0.0249354	0.0302957	0.0334731	0.0359277	0.0357291	0.0342283	0.0334675	0.0319995	0.0273443	0.0225117	0.0192062	0.0153263	0.00988145	0.00556346	0.00131277	-0.00285984	-0.0071133	-0.0113849	-0.0164476	-0.0202213	-0.0255061	-0.031922	-0.0372223	-0.0437533	-0.0473831	-0.0483644	-0.0427962	-0.0325846	-0.0158023	0	
0	0.0140168	0.0236351	0.029338	0.0325649	0.0338072	0.0339354	0.0344503	0.0334931	0.0301707	0.0262821	0.0234939	0.0195854	0.0142934	0.00934149	0.00568726	0.00136382	-0.00341312	-0.00806153	-0.0117782	-0.016657	-0.0217015	-0.0264962	-0.0325566	-0.0382182	-0.0428887	-0.046119	-0.0445084	-0.0386651	-0.0272725	-0.0132313	0	
0	0.0132189	0.0224589	0.0277637	0.0301201	0.0315896	0.0329413	0.0331903	0.0311012	0.0287673	0.0267293	0.0232992	0.0179622	0.0136791	0.0100303	0.00542734	0.000361591	-0.003658	-0.00821569	-0.0126751	-0.0172287	-0.0225482	-0.0277724	-0.0326987	-0.0385656	-0.0419129	-0.0434352	-0.0405458	-0.0335215	-0.022699	-0.0106902	0	
0	0.0122884	0.0208719	0.0253013	0.0277633	0.0299965	0.0309245	0.0305077	0.0296333	0.028609	0.0257219	0.0215381	0.0175946	0.0141936	0.00964225	0.00458503	2.95173e-05	-0.00378687	-0.00845397	-0.0135866	-0.0181847	-0.0227201	-0.0284703	-0.0331117	-0.0374644	-0.0400114	-0.0394863	-0.0358912	-0.0277145	-0.0182976	-0.00811091	0	
0	0.0110981	0.0186282	0.0227819	0.0254605	0.0272677	0.0278792	0.0283482	0.0282738	0.0266391	0.023462	0.0206775	0.0177462	0.0133633	0.00825503	0.00442792	0.000356178	-0.00463916	-0.00936664	-0.0136922	-0.0187463	-0.0233945	-0.0283584	-0.0328096	-0.0355046	-0.0370719	-0.0350361	-0.0305227	-0.0223732	-0.0141249	-0.00593896	0	
0	0.00973832	0.0163537	0.0203111	0.0225668	0.0240645	0.0253346	0.0262286	0.0255567	0.0240181	0.0223111	0.0200311	0.0162036	0.0120065	0.00816585	0.00431569	-0.000404061	-0.00527323	-0.00971553	-0.0138674	-0.0189477	-0.0237799	-0.0274616	-0.0311126	-0.0329491	-0.0328613	-0.029919	-0.0246746	-0.0175441	-0.0104336	-0.00425095	0	
0	0.00824686	0.0140609	0.0173638	0.0193263	0.0211463	0.0225073	0.0229418	0.0224944	0.0219624	0.0205976	0.0178147	0.0142958	0.0113519	0.00787862	0.00315871	-0.00147569	-0.00518585	-0.00969525	-0.0145818	-0.0187316	-0.0227878	-0.0261552	-0.0285161	-0.0294113	-0.0279486	-0.0245834	-0.0192734	-0.0131748	-0.00734618	-0.00282868	0	
0	0.00677706	0.0115632	0.014353	0.0163953	0.0181556	0.019085	0.019642	0.019974	0.0194996	0.0176666	0.0155409	0.0133121	0.0102585	0.00620275	0.0022829	-0.00149211	-0.005501	-0.00998534	-0.0143278	-0.0178187	-0.0210405	-0.0240179	-0.0250794	-0.0248324	-0.022809	-0.0191768	-0.0144531	-0.00922555	-0.00478723	-0.00165548	0	
0	0.00528455	0.00904165	0.0115684	0.0134197	0.0147776	0.0157825	0.0167079	0.0169091	0.0162002	0.0149735	0.0136532	0.0114596	0.00820862	0.00479502	0.00188408	-0.00177416	-0.00619538	-0.00986388	-0.0129645	-0.0164878	-0.0190954	-0.0206849	-0.0210592	-0.0200914	-0.0178412	-0.0142514	-0.0103472	-0.00607706	-0.00289835	-0.000823671	0	
0	0.00385709	0.00678126	0.00889464	0.0103782	0.0116784	0.0128916	0.0136222	0.0135351	0.0132751	0.0127486	0.0112669	0.00886943	0.00661569	0.00418574	0.000947471	-0.00265073	-0.00585364	-0.00887416	-0.0117487	-0.0145517	-0.0162924	-0.0168513	-0.0168603	-0.0154691	-0.0131639	-0.010063	-0.00684877	-0.00369405	-0.00151455	-0.000222461	0	
0	0.00257029	0.00469889	0.00627619	0.00761069	0.00895204	0.00991965	0.010431	0.0106932	0.0107204	0.00997814	0.00858893	0.00699383	0.00531522	0.00290534	-0.000125419	-0.00282448	-0.00503307	-0.00785981	-0.0105066	-0.0119346	-0.012955	-0.0133607	-0.0127956	-0.0112448	-0.00922007	-0.00670893	-0.00413904	-0.00193078	-0.000427632	0.000233476	0	
0	0.00147202	0.00276838	0.00399119	0.00525264	0.00637021	0.00711741	0.00778625	0.00826666	0.00809913	0.00730963	0.00657813	0.00558254	0.00371038	0.00146803	-0.000329585	-0.00231008	-0.00468259	-0.00678452	-0.00831871	-0.00927096	-0.00994571	-0.00997229	-0.00904328	-0.00772668	-0.00601038	-0.00398729	-0.00215336	-0.000576317	0.000376811	0.000542877	0	
0	0.000506435	0.00113129	0.00207911	0.00307308	0.00396636	0.00482873	0.00556379	0.00579649	0.00567916	0.0054378	0.00491217	0.00377755	0.0023299	0.00094452	-0.000392313	-0.00219015	-0.00412023	-0.00526416	-0.00607703	-0.00706236	-0.00729053	-0.00680099	-0.0060539	-0.00498014	-0.00350039	-0.00198568	-0.000739131	0.000365007	0.000823797	0.000688813	0	
0	-0.000260657	-0.000138618	0.000440402	0.00116929	0.00204313	0.00293092	0.0035089	0.00372119	0.00391853	0.00390727	0.00328346	0.00233443	0.00166481	0.000775034	-0.000713849	-0.00203377	-0.00284746	-0.00372229	-0.00453007	-0.00493208	-0.00475855	-0.00434848	-0.00376021	-0.00271264	-0.001628	-0.000582075	0.000331523	0.000989195	0.00110902	0.000793265	0	
0	-0.000821734	-0.00115326	-0.000936571	-0.000325881	0.000503012	0.00119028	0.00173546	0.00224118	0.00251154	0.00233072	0.00200671	0.00167375	0.00112663	0.000242716	-0.000687786	-0.00135017	-0.00185992	-0.00263476	-0.00311137	-0.00298159	-0.00284052	-0.00258162	-0.00190876	-0.00105351	-0.000354968	0.000427148	0.00105659	0.00138875	0.00134544	0.000880322	0	
0	-0.0012208	-0.00193989	-0.00193884	-0.00145928	-0.000814262	-0.000199884	0.000462597	0.00102503	0.00124191	0.00121006	0.00126481	0.00115213	0.000574766	-1.65983e-05	-0.00024548	-0.000684078	-0.0013324	-0.00161171	-0.00160121	-0.00160139	-0.0015132	-0.00105819	-0.000488569	1.6067e-05	0.000590928	0.00118433	0.0015001	0.0016487	0.00146929	0.000903584	0	
0	-0.00149373	-0.00244858	-0.00261905	-0.00236764	-0.00187544	-0.00119017	-0.000517246	-9.7571e-05	0.000247048	0.0005816	0.000670114	0.000477526	0.000313223	0.000183747	-4.33396e-05	-0.000400806	-0.000657621	-0.000632846	-0.000626785	-0.000662949	-0.000381745	5.85861e-05	0.000379286	0.000789409	0.00127794	0.00161714	0.00176066	0.00178881	0.00147301	0.000865383	0	
0	-0.00162237	-0.00270527	-0.00308385	-0.00300346	-0.00255715	-0.00193797	-0.00135952	-0.000874106	-0.00036891	1.82789e-05	0.000128008	0.000137924	0.000292546	0.000288593	2.32483e-05	-4.87127e-05	7.37954e-05	1.12349e-05	-3.35574e-05	0.000206982	0.000509772	0.000703795	0.000997098	0.00142283	0.00168204	0.00185035	0.00194782	0.00185315	0.00147045	0.000852559	0	
0	-0.00164657	-0.00281723	-0.00335154	-0.00335533	-0.00298898	-0.00253341	-0.00198693	-0.00135247	-0.000843916	-0.000548845	-0.000227354	7.70323e-05	0.000175879	0.000174709	0.000260284	0.000367373	0.000397136	0.000401796	0.000571873	0.0008169	0.0009568	0.00116774	0.00149359	0.00174153	0.00186865	0.00201858	0.00202245	0.00184087	0.0014593	0.000842594	0	
0	-0.00160414	-0.00280977	-0.00338905	-0.00349238	-0.00327964	-0.00287748	-0.00231621	-0.00174101	-0.00125771	-0.000840663	-0.000403847	-8.07928e-05	5.89514e-05	0.000227176	0.000487035	0.000570839	0.000589923	0.000802225	0.00102427	0.00110834	0.00126852	0.00156958	0.00175288	0.00186002	0.00201188	0.00210007	0.00198789	0.00178366	0.00139025	0.000784148	0	
0	-0.00151033	-0.00267171	-0.00327679	-0.00349781	-0.00339423	-0.00300734	-0.00250448	-0.00204698	-0.00152231	-0.000969742	-0.00058065	-0.000301095	5.18019e-05	0.000345213	0.000490368	0.000634602	0.000861382	0.00105274	0.00115323	0.00131282	0.00154954	0.0017123	0.00180325	0.00195853	0.00205773	0.00202692	0.0019076	0.00170114	0.00128841	0.000710747	0	
0	-0.00137064	-0.00244582	-0.003089	-0.00336369	-0.00329517	-0.00301732	-0.00261754	-0.00214134	-0.00161182	-0.0011289	-0.00072197	-0.00033792	4.85935e-05	0.000315817	0.000501743	0.000760429	0.00100218	0.00111191	0.00125419	0.00149165	0.00163565	0.00170813	0.00184956	0.00198087	0.00196641	0.00191971	0.00182117	0.00158681	0.00119618	0.000668199	0	
0	-0.00121369	-0.00219728	-0.00282776	-0.00311213	-0.0030995	-0.00293397	-0.00259371	-0.00211363	-0.00165237	-0.00124789	-0.000772125	-0.000328695	-3.34831e-05	0.000242071	0.000572375	0.00081076	0.000949823	0.00113719	0.00135709	0.00148296	0.00156205	0.00171096	0.00182566	0.00183987	0.00182862	0.00181258	0.00166959	0.00143041	0.00108642	0.000606927	0	
0	-0.00105059	-0.0019285	-0.00249142	-0.00279273	-0.00285912	-0.00272133	-0.00241944	-0.00205477	-0.00164469	-0.00120384	-0.000767723	-0.000396205	-6.6051e-05	0.000264919	0.000554608	0.000747518	0.000937292	0.0011604	0.00130406	0.00138726	0.00151986	0.00164752	0.00166882	0.00168154	0.00170117	0.00163814	0.00147404	0.00126873	0.000948167	0.000515017	0	
0	-0.000885147	-0.00163461	-0.00214003	-0.00244806	-0.00254401	-0.00243511	-0.00220357	-0.00192751	-0.00154466	-0.00111886	-0.000765707	-0.000433845	-5.17706e-05	0.000253199	0.00045658	0.000686905	0.00092817	0.00106488	0.00115788	0.00130915	0.00142564	0.0014524	0.00148199	0.00153679	0.00150252	0.00140638	0.00128647	0.00110149	0.000807069	0.000436953	0	
0	-0.000721883	-0.00134283	-0.00179879	-0.00207543	-0.00216112	-0.00212294	-0.00196108	-0.00169177	-0.00137085	-0.00105304	-0.000713044	-0.000368092	-6.55031e-05	0.000180453	0.000421301	0.000651028	0.000810301	0.000925907	0.00106518	0.001183	0.00122269	0.00126358	0.00132229	0.00132263	0.00126002	0.00120351	0.00109666	0.000915048	0.000674176	0.000372865	0	
0	-0.000571887	-0.00107678	-0.00145647	-0.00169458	-0.00178797	-0.0017862	-0.00165998	-0.00143501	-0.00118921	-0.000932315	-0.000613584	-0.00031864	-9.34056e-05	0.000142232	0.000389066	0.000547564	0.000660394	0.000812634	0.000932408	0.000970394	0.00101651	0.00109309	0.00110045	0.00106389	0.00104398	0.000998012	0.000874226	0.000726279	0.000534629	0.000287952	0	
0	-0.000434001	-0.000827427	-0.00112014	-0.0013282	-0.00143196	-0.00142081	-0.00132223	-0.00118651	-0.000984065	-0.000738506	-0.000507256	-0.000296877	-6.74629e-05	0.000144435	0.000297534	0.000426843	0.000569736	0.000676933	0.000724896	0.000781029	0.000849502	0.000867431	0.000847819	0.000853894	0.000835458	0.000761133	0.00066624	0.000558643	0.00039504	0.000204803	0	
0	-0.00030826	-0.000595103	-0.000821653	-0.000989334	-0.00107329	-0.00107268	-0.00101034	-0.000913362	-0.000751621	-0.000567473	-0.00040441	-0.000231901	-3.80461e-05	0.000104342	0.000210585	0.000341058	0.000450288	0.000493514	0.000541448	0.000615617	0.000636466	0.000623025	0.00064064	0.000649933	0.000598368	0.000545474	0.000492267	0.00039723	0.000273103	0.000146081	0	
0	-0.000199652	-0.000394704	-0.000561873	-0.000679165	-0.000732109	-0.000754776	-0.000718324	-0.000626513	-0.000522923	-0.000420774	-0.000280607	-0.000139682	-3.76105e-05	5.7151e-05	0.000171451	0.000252906	0.000290709	0.000342335	0.00040351	0.000419821	0.000414257	0.000440759	0.000453748	0.000423113	0.000394749	0.000380119	0.000324367	0.00024805	0.000173153	9.13234e-05	0	
0	-0.000114474	-0.000234571	-0.00033481	-0.000413365	-0.000450553	-0.000463952	-0.000439382	-0.000389271	-0.000328036	-0.000257979	-0.000166462	-9.17929e-05	-3.04512e-05	4.46806e-05	0.000111306	0.000139424	0.000173482	0.000224219	0.000238554	0.000232739	0.000256568	0.00027613	0.000251706	0.000240478	0.000246922	0.000220291	0.000171185	0.000139334	8.9274e-05	3.6465e-05	0	
0	-5.44412e-05	-0.000114366	-0.000154677	-0.000199087	-0.000226016	-0.000220304	-0.00020429	-0.000201798	-0.000162504	-0.000109507	-8.45821e-05	-6.15492e-05	-2.6588e-06	3.30569e-05	3.35459e-05	5.95443e-05	0.000103387	0.000101887	8.83781e-05	0.000118724	0.000136175	0.000109393	0.000103218	0.000130136	0.000113833	8.07461e-05	7.91775e-05	6.75304e-05	2.41629e-05	7.53299e-06	0	
0	-1.82439e-05	-3.51952e-05	-4.29704e-05	-5.34195e-05	-6.47757e-05	-6.18689e-05	-5.43378e-05	-5.93356e-05	-4.48984e-05	-2.80417e-05	-2.88518e-05	-2.09746e-05	5.04424e-06	4.11583e-06	-2.85678e-06	2.05042e-05	3.22103e-05	1.14796e-05	1.66386e-05	4.37092e-05	2.97396e-05	1.00727e-05	3.22537e-05	4.31842e-05	1.29499e-05	1.19868e-05	3.10832e-05	1.26858e-05	-6.99329e-06	4.66046e-07	0	
0	0	0	0	0	0	0	0	0	0	0	0	0	0	0	0	0	0	0	0	0	0	0	0	0	0	0	0	0	0	0	0	
