-3.97614e-06	-4.42367e-05	-8.29739e-05	-0.0001191	-0.000200628	-0.000325134	-0.00048084	-0.000679104	-0.000899001	-0.00113181	-0.00134535	-0.00151828	-0.00161563	-0.00162319	-0.00152968	-0.00134961	-0.00110286	-0.000827089	-0.000555025	-0.000323081	-0.000149725	-4.77878e-05	-4.59716e-06	1.85555e-06	4.32977e-07	
-1.75457e-05	-0.000111953	-0.000238653	-0.000400472	-0.000684095	-0.00110817	-0.00164914	-0.00230188	-0.00301882	-0.00374332	-0.00438736	-0.00487586	-0.00512816	-0.00510149	-0.0047793	-0.00420051	-0.00343222	-0.00257526	-0.00173053	-0.00100231	-0.000456286	-0.000124571	1.28858e-05	2.41006e-05	5.55785e-06	
-2.43649e-05	-0.000185879	-0.000456362	-0.000827962	-0.0014031	-0.00221059	-0.00320632	-0.00435126	-0.00555534	-0.00671546	-0.00769661	-0.00839782	-0.00872654	-0.0086379	-0.00811712	-0.0072121	-0.0060054	-0.00462993	-0.00324199	-0.00200142	-0.00102007	-0.000378929	-7.08079e-05	9.94902e-06	6.61334e-06	
-4.0249e-05	-0.000302648	-0.000789912	-0.00146495	-0.00239334	-0.00360469	-0.00502916	-0.00657791	-0.0081136	-0.00952411	-0.0106739	-0.0114764	-0.01186	-0.0118013	-0.011277	-0.0102988	-0.00890422	-0.00721799	-0.00540127	-0.00364766	-0.00214948	-0.00106056	-0.000403671	-0.000101031	-9.53265e-06	
-6.0999e-05	-0.000452483	-0.00119203	-0.00220263	-0.00349369	-0.00505973	-0.00680192	-0.00860955	-0.0103045	-0.0117925	-0.012979	-0.0138266	-0.0142911	-0.0143739	-0.0140245	-0.0132081	-0.0118964	-0.0101379	-0.00802783	-0.00580351	-0.00373186	-0.00205442	-0.000897491	-0.000267582	-3.16062e-05	
-8.06051e-05	-0.000607309	-0.00159688	-0.00290471	-0.00449029	-0.00631083	-0.00820184	-0.0100745	-0.0117586	-0.0131736	-0.0142533	-0.015045	-0.0155375	-0.0157508	-0.0156225	-0.0151309	-0.0141631	-0.0126378	-0.0105452	-0.00808321	-0.00551068	-0.0032153	-0.00149199	-0.000469861	-5.63995e-05	
-9.43503e-05	-0.000728412	-0.00192506	-0.0034561	-0.00519595	-0.00711769	-0.00900385	-0.0107592	-0.0122426	-0.0134416	-0.0142921	-0.0148997	-0.0152801	-0.0155062	-0.0155548	-0.0154416	-0.0149642	-0.0139937	-0.0123557	-0.0100517	-0.00726028	-0.00448927	-0.00219119	-0.000716088	-8.70671e-05	
-9.94542e-05	-0.000789472	-0.00209734	-0.00374644	-0.00550291	-0.00735237	-0.00908814	-0.0106169	-0.0117581	-0.0126168	-0.0131814	-0.0135525	-0.0137168	-0.0138696	-0.0140127	-0.0141631	-0.014147	-0.0138807	-0.0129826	-0.0112682	-0.00870903	-0.00574656	-0.00295767	-0.00100902	-0.000125815	
-9.03611e-05	-0.000770714	-0.00207279	-0.0037013	-0.00536704	-0.00704388	-0.00848455	-0.00969412	-0.0105059	-0.0110412	-0.0112971	-0.0114503	-0.0114736	-0.011585	-0.0116962	-0.0119217	-0.012197	-0.0124655	-0.0122942	-0.011444	-0.00952706	-0.00674902	-0.00369727	-0.00132913	-0.00016983	
-6.58338e-05	-0.000654987	-0.00184442	-0.00334786	-0.0048136	-0.006247	-0.00734967	-0.00820702	-0.00875065	-0.00910821	-0.00913498	-0.00913982	-0.00917929	-0.00930603	-0.00932443	-0.00954332	-0.00985217	-0.0103021	-0.0106349	-0.0105969	-0.00950846	-0.00729352	-0.004292	-0.00163129	-0.000214022	
-2.9764e-05	-0.000460023	-0.00144343	-0.00274847	-0.00392684	-0.00502261	-0.00583894	-0.00649297	-0.00679941	-0.00698373	-0.00699337	-0.00709319	-0.00712459	-0.00722678	-0.00730407	-0.0075102	-0.00764506	-0.00804187	-0.00855513	-0.0090252	-0.00872023	-0.00728501	-0.00462712	-0.00186381	-0.00025068	
1.31995e-05	-0.000220089	-0.000921774	-0.00191706	-0.00276295	-0.00356631	-0.00415341	-0.00467379	-0.00482184	-0.00486948	-0.00497299	-0.00526763	-0.00527195	-0.00539727	-0.00558033	-0.00575793	-0.00578287	-0.00607198	-0.00647685	-0.00714189	-0.00742385	-0.00675823	-0.00464564	-0.00199348	-0.000274415	
6.02722e-05	7.46433e-05	-0.000267432	-0.00089527	-0.00145275	-0.00208637	-0.00245784	-0.00270521	-0.00277341	-0.00303389	-0.00314511	-0.00326362	-0.00345658	-0.00381777	-0.00387323	-0.00404961	-0.00418415	-0.00438182	-0.00461094	-0.00527919	-0.00588158	-0.00586721	-0.00437963	-0.00200013	-0.000283989	
0.000120911	0.000438431	0.000477511	0.000134964	-0.000207954	-0.000573589	-0.000640647	-0.000722151	-0.000878968	-0.00126741	-0.00127061	-0.00132666	-0.00159287	-0.00202277	-0.00213947	-0.00237214	-0.0025509	-0.00279512	-0.00298347	-0.00357899	-0.00429244	-0.00477699	-0.00391289	-0.00188523	-0.000268781	
0.000183434	0.00075136	0.00105716	0.00100772	0.00105139	0.00110127	0.00124469	0.000978636	0.000782255	0.000817812	0.000764766	0.000272303	0.000270068	0.000162546	-0.000279587	-0.000725655	-0.000818894	-0.00116384	-0.00146386	-0.00203861	-0.00279931	-0.00360844	-0.0033131	-0.00169297	-0.000234059	
0.0001953	0.000885917	0.00144449	0.00191678	0.00246879	0.00269686	0.00268498	0.00252857	0.00283602	0.00284611	0.00255512	0.00224012	0.00218512	0.00205089	0.00187516	0.00123578	0.000821634	0.000491677	0.000122488	-0.000591955	-0.00143842	-0.00247293	-0.00262404	-0.00144618	-0.000216833	
0.000203169	0.00114442	0.00210908	0.00292503	0.00353859	0.00361474	0.00388164	0.00455917	0.00490728	0.00443712	0.00442932	0.00456533	0.0042865	0.00378224	0.00385984	0.0035565	0.00273652	0.00203605	0.00169607	0.000875502	-0.000146096	-0.00140246	-0.00191455	-0.00109064	-0.000166621	
0.000363921	0.00175883	0.00274676	0.00330155	0.00373814	0.00439932	0.00573563	0.00626646	0.00610665	0.00630887	0.00666364	0.00646996	0.00643347	0.00610867	0.00565851	0.00552178	0.0051755	0.00388568	0.00298909	0.00224539	0.00116547	-0.000319234	-0.00121626	-0.000665591	-2.97325e-05	
0.000439176	0.00159931	0.00209393	0.00271668	0.00423594	0.00618985	0.00696932	0.0068295	0.00765791	0.00844682	0.00856273	0.00843533	0.00854856	0.00852439	0.00807149	0.00730811	0.00719768	0.00636703	0.00451336	0.00314515	0.00233307	0.000857929	-0.000401329	-0.000342234	-3.39691e-05	
-6.81989e-05	0.000310929	0.000740671	0.00268307	0.00552836	0.0063486	0.00646438	0.00807203	0.00955028	0.00993056	0.0103821	0.0107747	0.0108238	0.0106812	0.0106595	0.00983304	0.00873913	0.00830052	0.0069427	0.00427749	0.00295283	0.00203281	0.00075149	0.000176501	-9.67295e-05	
6.7776e-05	0.00134223	0.0023633	0.00384078	0.003727	0.00387333	0.00680523	0.00904819	0.0100118	0.0110425	0.0120806	0.0126334	0.0129109	0.012784	0.0125629	0.0121866	0.0109088	0.00936762	0.00896001	0.00706619	0.00405272	0.00275709	0.00210148	0.0016048	0.000460055	
0.001737	0.00565923	0.00576646	0.00194838	0.000624742	0.00453577	0.00730663	0.00853673	0.0102902	0.0119512	0.0130821	0.0138186	0.0143395	0.0144549	0.0141437	0.0136742	0.0132105	0.0116057	0.0102095	0.0103474	0.00807525	0.00382055	0.00248452	0.00266707	0.000847906	
0.000667338	0.00197886	-0.0024412	-0.00404525	0.0014269	0.00430623	0.00575938	0.00820378	0.0106047	0.0124008	0.0138734	0.0150129	0.0158226	0.0163046	0.0164658	0.0162096	0.0160026	0.0157054	0.0140778	0.0131749	0.0136125	0.00842915	0.00169667	-0.000162675	-0.000441946	
-0.00355636	-0.0133445	-0.0147494	-0.00562085	-0.00103364	0.00111776	0.0044466	0.00795214	0.0109117	0.0134694	0.0157367	0.0176014	0.0190629	0.0201647	0.0209701	0.0213987	0.0214531	0.0213988	0.0210551	0.0191214	0.0178835	0.0166353	0.00679587	-0.00101889	-0.000872532	
0.00049572	0.0120947	0.0232527	0.026222	0.0265492	0.0287532	0.0310396	0.0327935	0.0344809	0.036091	0.0374643	0.0386064	0.0395589	0.0402941	0.040844	0.0412471	0.0413916	0.0412402	0.0412666	0.0409002	0.0385589	0.0384201	0.0391253	0.0243576	0.00281349	
