8.5088544631461463e-07	-4.278555217389423e-06	-4.5525988424378792e-05	-0.00012057792881817223	-0.00018348873334512393	-0.00025378211136124166	-0.00036095538853974811	-0.00046075662574113875	-0.00052592579875591786	-0.00058916926545815498	-0.00066935222874678585	-0.00070764801255002207	-0.00069690546464882804	-0.00069009894734586462	-0.00067581355356734337	-0.00059491411507613774	-0.00049672076950033159	-0.00042128783989078844	-0.00032226830150355851	-0.00020052809745864689	-0.00012078656472454658	-7.1475119550792337e-05	-1.8401596642748681e-05	2.9505902730412636e-06	2.1359603021306762e-07	
-3.9076037328702934e-06	-6.5563199746627491e-05	-0.00017634786996061826	-0.00034251733454370418	-0.00057400624923952784	-0.00082738085352270961	-0.0010815273999590003	-0.0013426667427220318	-0.0015936365658611618	-0.0017994616364275992	-0.0019564158331500147	-0.0020608366556678225	-0.0021105152475875918	-0.0020720553229802928	-0.0019448366636580737	-0.0017735484419091926	-0.0015525563502890223	-0.0012515011492124151	-0.00094964651793782008	-0.00068871319307381722	-0.00042730332010961457	-0.00020809304141685753	-9.4602053402059494e-05	-3.4149988821800768e-05	2.3058436785349604e-06	
-2.84979118692511e-05	-0.00015119571754218853	-0.00033538930972930867	-0.00058832227345308706	-0.00096511063970490605	-0.0013924909896536623	-0.0017799200850430086	-0.0021577881708015056	-0.0025683180452400135	-0.002906587467562474	-0.003117909811602467	-0.0032754416722040624	-0.0033768534532399789	-0.003307307211918682	-0.0031091402532320497	-0.002861392837465697	-0.0025137538803499176	-0.0020581870464602167	-0.0016043159441713559	-0.001176599003789295	-0.00076192946718375149	-0.00041806669816400868	-0.00020081723460217945	-8.446534788834801e-05	-2.0709127518478918e-05	
-2.895797337434968e-05	-0.0001688427063438359	-0.00047774405681527612	-0.00090907503041762954	-0.0013741401732234573	-0.0018831565228388976	-0.002449421055431784	-0.0029794593530380028	-0.003443897885611843	-0.0038609477709534309	-0.0042109579667444427	-0.0044198339014819782	-0.0044776181348647826	-0.0044227569896850543	-0.0042499176672228228	-0.00388613109749178	-0.0034041121296419828	-0.0028968012481036553	-0.0023134203862270205	-0.0016778479848414006	-0.0011506013319499669	-0.00071881188244859778	-0.00032727842094717308	-8.6760309921062381e-05	-1.1721029389928096e-05	
-1.9743266863772448e-05	-0.00020809550190331477	-0.00062075240888750168	-0.0011727740629517197	-0.001751485284594191	-0.0023629247488373504	-0.003054312547191641	-0.0037198438705935825	-0.0042765285937237264	-0.0047679759527803397	-0.0052155827594957994	-0.0054876746207827244	-0.0055670121150703487	-0.0055298250824059583	-0.0053348086121485089	-0.0049156004837451603	-0.0043713991450057285	-0.0037400769509916493	-0.0030121380422580332	-0.0022577795785704109	-0.0015666833998466937	-0.00096875524732054183	-0.00049196721903750162	-0.0001660811477769176	-1.3730196858636806e-05	
-4.2297860528659525e-05	-0.00033849702820500587	-0.00079929328870945973	-0.0013523579448577864	-0.002097799714800105	-0.0028882496971980834	-0.003609492795369719	-0.004333870029052448	-0.0050776637943849168	-0.0056844265626149696	-0.0061262603175691399	-0.006469281995643456	-0.0066923103169434072	-0.0066558686219825207	-0.0063875273133712687	-0.0060068579121792687	-0.0054481340916203835	-0.0046339652361850215	-0.0037779385276955563	-0.0029508387781362342	-0.0020564445161840497	-0.001241265456199704	-0.00069081014994789821	-0.00028563222606634822	-3.5075015566097726e-05	
-8.9427201227096641e-05	-0.00040456367517172862	-0.00090360266805700998	-0.0015613324953171201	-0.0023896372683639882	-0.0032704648012187643	-0.0041197969786202025	-0.0049339297886538376	-0.0057531924508443608	-0.0064722402896315355	-0.007024766987045369	-0.0074447952078334325	-0.0077234079207992136	-0.0077482762630525321	-0.0075498879709150236	-0.0071468028693137719	-0.0064998031566764732	-0.0056547463671228109	-0.0046900703989345895	-0.0036218641028813543	-0.002577769684027269	-0.0016303411914865805	-0.00084691860719577001	-0.00033836396598623696	-7.83763908196763e-05	
-1.9929923028699638e-05	-0.00027284742706824204	-0.00094389198075912591	-0.0018321091378530382	-0.0026549488945154069	-0.0035203137945729588	-0.0045662725987717341	-0.0055370022011330539	-0.0063449294004718328	-0.0071301812248034894	-0.0078910039574301479	-0.0084157934333856481	-0.0086919647454496429	-0.0088357795168125652	-0.0087895903788596172	-0.0083462524218214946	-0.0076425140811329775	-0.0068251398342659792	-0.0057312294722667717	-0.0044111012848305573	-0.0032179664279756589	-0.0021200336659960854	-0.001051064071966229	-0.00029980529881058423	-1.7300571747836335e-05	
-4.319009211504454e-05	-0.00040639745469998309	-0.0010655381626703806	-0.001877489838724225	-0.0028308829654442673	-0.0038314658681791575	-0.0048614680161230299	-0.0058906917815701506	-0.006869923484275558	-0.0077414860981743893	-0.0085382840683037448	-0.0091890896583831025	-0.0096523979384689918	-0.0098919975136477177	-0.0098612190398621527	-0.0095393560974080735	-0.0089468155410071925	-0.0079825776819065861	-0.0067662454064613513	-0.0054302897058548377	-0.0039449355490189623	-0.0025034739376636034	-0.0014061840704526327	-0.00056868298319734259	-7.2507829650849217e-05	
-9.593578887236562e-05	-0.00055452558951684533	-0.0011599292974503901	-0.0018602083602882395	-0.0029588884751219234	-0.0041143541792699441	-0.0050873368241160285	-0.0061035820131931824	-0.0072613483566331995	-0.008257403170603245	-0.009060727226565304	-0.0098142129752610031	-0.010490874781771882	-0.010844335456665801	-0.010880586503226816	-0.010736543312712054	-0.010250776679289985	-0.009223459706386555	-0.0079683721273873537	-0.00654587516130387	-0.0048180617449539538	-0.003083116322028154	-0.0017464946258768587	-0.0007165202707667815	-0.00010719260316775835	
-0.00010347645738624383	-0.00040255861852254814	-0.001063042909525436	-0.0020120826131023546	-0.0029924064994438513	-0.0040197700230420255	-0.005200545817066248	-0.0063111571940683703	-0.0073536249251234123	-0.0083992999161485379	-0.0094079245695375784	-0.01025500021291236	-0.010944823617600789	-0.011467580923904552	-0.011792676339904927	-0.011724033706935031	-0.011249305656476994	-0.010484686580653917	-0.0092663328965547371	-0.0075059262443912594	-0.0057095339467779426	-0.0038829200432426978	-0.0020255279826003527	-0.00073797886208644685	-0.00015638979535062295	
6.9212937073299979e-05	-0.00013928815588491958	-0.0010077487653234398	-0.0021043142175131485	-0.0029792392834777294	-0.0039022649463231482	-0.0051686123840711902	-0.0063497371043495215	-0.007341273604741288	-0.0083696356473009371	-0.0094645442946169334	-0.010402589415825393	-0.011170085399877688	-0.01183396412805377	-0.012352670107022538	-0.012447822366137347	-0.012175276199609312	-0.011600222919366892	-0.010435096986717731	-0.0086729059650646201	-0.0067515639565708021	-0.0046603179520271357	-0.002522901179048651	-0.00080484503039903246	-3.3465034981880083e-05	
-0.00011438590203159769	-0.00062226978577577588	-0.0011520253562711364	-0.0016904239278022527	-0.0027957883720546601	-0.0039766222688176331	-0.0049092710904809194	-0.0059026450318371377	-0.0070834064441769396	-0.008133545692620061	-0.0090765690418109449	-0.010016991331805353	-0.010964701289975256	-0.01173442523928098	-0.012276202451443553	-0.012664941238280851	-0.012773319374113487	-0.012199830171352838	-0.011210446460772756	-0.0098740809825872151	-0.0076959734687774475	-0.0051508328501187941	-0.003202805018078425	-0.0014582120925372281	-0.00023330672945837862	
-0.00013038992025983401	-0.00052020422667158756	-0.0010076976721615921	-0.0015998089987647357	-0.0026855309899545226	-0.0037556544427580969	-0.0046031781161493266	-0.005518339762115027	-0.0065972156166590095	-0.007553236197789027	-0.0084653853238922348	-0.0093633719734960222	-0.010267636410426502	-0.011105441577334138	-0.01180496222053927	-0.012377933529452505	-0.012723659333487484	-0.012503189198220384	-0.011844749551983348	-0.010608361223067121	-0.0086406028652140313	-0.0061282945312484067	-0.0035720715898137677	-0.0013932174525148793	-0.00022448850574058532	
9.9847570167455385e-06	9.1285205035111981e-05	-0.00062864581646788218	-0.0018447706783616001	-0.0024569693791832419	-0.0029755980416020442	-0.0041073711543299137	-0.0050892539595423563	-0.0057621070925216785	-0.0064777748368895416	-0.0073573180806705421	-0.0082168361356113641	-0.0089961749457970995	-0.009758131940810013	-0.010604281968634702	-0.011270098030897248	-0.011740592662742411	-0.012136816083996384	-0.011904158268458385	-0.010604290414904849	-0.0091271017177894272	-0.0070033687411236827	-0.0038847420439028818	-0.0013746669404550613	-0.00027056382428351919	
0.00021988250941285334	3.3887742652230723e-05	-0.00083858556224714054	-0.001553574419394437	-0.0021425186631283135	-0.0028357530025630243	-0.0036899100890559157	-0.0042553736694040199	-0.004815073354538236	-0.0054764862520198954	-0.0060463757823691717	-0.0066133334321372313	-0.0073033483698771717	-0.0079829064044149283	-0.0087849822417698318	-0.0095774023572437108	-0.010238443054126779	-0.010843582131463705	-0.011146542319572728	-0.01068162631527235	-0.0094172769999529699	-0.0072430252873076249	-0.0046727686769647237	-0.0017477653332654576	-4.5432144612221972e-05	
-0.00038488911986840597	-0.0011750638690635811	-0.0011273552781625152	-0.00067445304540857608	-0.001777834564888276	-0.0028534301673107305	-0.0029706936056969739	-0.0030962201097119702	-0.0036069656115294744	-0.0040320397946384994	-0.0043289977611307151	-0.0045402810596709142	-0.0049338214525088929	-0.0055610138678313849	-0.0061995161474888722	-0.0069262950927241546	-0.0078413541604934345	-0.008485071391844741	-0.0091822723788710474	-0.0098207516349026695	-0.0089224299284393765	-0.006773069365986077	-0.0051166693372178777	-0.0027380497588299904	-0.00055188307567003228	
-1.2269116486414868e-05	0.00020483005134883347	-0.00039669225328224135	-0.0014840336626841847	-0.002180116764153034	-0.0020890454449275378	-0.0021942046670427543	-0.0026518666746572776	-0.0026806585197423809	-0.0022536976628823625	-0.0022346610599906468	-0.0024127179346466201	-0.0025092689145055787	-0.0027286729473210707	-0.0030430577251746712	-0.003656847421953319	-0.0047982555323276173	-0.0058023613726694984	-0.0066117630596802777	-0.0074574139129276263	-0.0080861587208278726	-0.0072533789255889887	-0.0044777405311563316	-0.0014946584610860531	-0.00028273551998108699	
0.00036679817881761555	0.0010080190205225055	-0.00035556170933742707	-0.0021018700238317656	-0.0018313637796409342	-0.0013195274090680518	-0.0017375698243369039	-0.0015121836962493837	-0.0009558236330944284	-0.00044455591662906921	9.5499509930013676e-05	0.00040410066280143836	0.00060896002017214214	0.00087064776291623344	0.00071508494903351123	0.00018934148985358769	-0.00042420135353021002	-0.0016493884497334012	-0.0031947426321026909	-0.0040003157210452148	-0.0053674812713830388	-0.0061367167282645159	-0.0042080213012789369	-0.001445793070096715	-0.00026908358024260227	
0.00016378705088080397	-0.0011773339562120625	-0.0023537829658124686	-0.0012952421026712238	-0.0014395318544855576	-0.002275438271139039	-0.0019211898615170211	-5.6026672711720586e-05	0.0010973256348431291	0.0014113708269776876	0.0023504442438885961	0.0035938281017088205	0.0044083764592353098	0.0047686480410081495	0.0046875746244778383	0.0045594778460102871	0.0045607978062635118	0.0034520827352422906	0.0010791771037989811	-0.00090958060924523532	-0.0022729587346994777	-0.0033801282510014766	-0.0045812546733656383	-0.0022597540252621627	0.00018208178496205351	
-0.0012380511191656541	-0.0025550583232895525	-0.0019860340471373776	-0.0010829011655811114	-0.002448662704853439	-0.0015869585063131436	0.00054221518900484853	0.0015076642543134955	0.0029219276684755878	0.0048876999527509455	0.0063684214380909203	0.0075910009667308747	0.0087897631189276168	0.0095802015205547347	0.01041041849113703	0.010751106522668122	0.0099364808057835294	0.0091110242183363339	0.008237406730383175	0.0051012750282891607	0.0018685947637039431	0.00042648020700547149	-0.0021046168582128772	-0.0025014648237413951	-0.00097426318129303707	
0.0010004824506565592	0.0035733461792601482	0.00026920828043255955	-0.0044193140728998785	-0.003927494364436116	0.00029355676854931267	0.0035762903273529006	0.0045823009086543463	0.0065149941859148188	0.009455540744211505	0.011706302223048378	0.013139991914452011	0.014550300470701173	0.015877596951440021	0.017141076804707736	0.017494483455225935	0.016682211408933854	0.016023876626117296	0.015633702914429299	0.012442576409524892	0.0069238975150595662	0.0022982384046632493	0.0019489884524157312	0.0027742161367099497	0.00040022822422836339	
0.0010478287645454144	0.00089503908114482473	-0.0046187224967841256	-0.0030108425263382253	0.0042461840995399128	0.0062217448814276743	0.0075226711068434905	0.011863258797198585	0.015532103285781229	0.017211723776812474	0.019252290862406523	0.021617091983494409	0.023544678326790702	0.024977656833800842	0.025490164090657779	0.025763761488866076	0.026913373283760991	0.026083598785832177	0.022688404173581388	0.021396099203614349	0.020023782379691935	0.011076007875833507	0.0031643047955508814	0.0020409496121426914	0.00036731340955486249	
-0.0011869714224331089	-0.0038193957039918177	-0.0026982921188323937	0.0065990043598879704	0.014694401568705372	0.018370809403532869	0.020920593780437202	0.024570084501316088	0.027698912999362502	0.02977717164693551	0.031681250979337487	0.033476548220614036	0.034938709264272276	0.036185643424548851	0.036723379111682129	0.036760051642851982	0.037122153993537424	0.036576712808002183	0.033964601914812896	0.031950423082381579	0.030162535217907755	0.021746043770165677	0.0084745667981767636	0.0032084443887621891	0.0014356243758977302	
0.00067016320017424696	0.016938628233290575	0.034950755095686813	0.039457604517339075	0.038194462935225562	0.040710951048957181	0.044473463345888184	0.045322131389809152	0.04581814970648139	0.047241293529220157	0.048370739204113049	0.048968987331797297	0.049411988759427455	0.049567761034478963	0.05016728517818024	0.050639854733750413	0.0495276908998512	0.048776455565558104	0.050020270661385868	0.047763164185974566	0.04315404105639653	0.044607932735383875	0.043363019861492401	0.021822888516183254	0.00099508297705616904	
