0	0	0	0	0	0	0	0	0	0	0	0	0	0	0	0	0	0	0	0	0	0	0	0	0	0	0	0	0	0	0	0	0	0	0	0	0	0	0	
0	0	0	0	0	0	0	0	0	0	0	0	0	0	0	0	0	0	0	0	0	0	0	0	0	0	0	0	0	0	0	0	0	0	0	0	0	0	0	
0	0	0	0	0	0	0	0	0	0	0	0	0	0	0	0	0	0	0	0	0	0	0	0	0	0	0	0	0	0	0	0	0	0	0	0	0	0	0	
0	0	0	0	0	0	0	0	0	0	0	0	0	0	0	0	0	0	0	0	0	0	0	0	0	0	0	0	0	0	0	0	0	0	0	0	0	0	0	
0	0	0	0	0	0	0	0	0	0	0	0	0	0	0	0	0	0	0	0	0	0	0	0	0	0	0	0	0	0	0	0	0	0	0	0	0	0	0	
0	0	0	0	0	0	0	0	0	0	0	0	0	0	0	0	0	0	0	0	0	0	0	0	0	0	0	0	0	0	0	0	0	0	0	0	0	0	0	
0	0	0	0	0	0	0	0	0	0	0	0	0	0	0	0	0	0	0	0	0	0	0	0	0	0	0	0	0	0	0	0	0	0	0	0	0	0	0	
0	0	0	0	0	0	0	0	0	0	0	0	0	0	0	0	0	0	0	0	0	0	0	0	0	0	0	0	0	0	0	0	0	0	0	0	0	0	0	
0	0	0	0	0	0	0	0	0	0	0	0	0	0	0	0	0	0	0	0	0	0	0	0	0	0	0	0	0	0	0	0	0	0	0	0	0	0	0	
0	0	0	0	0	0	0	0	0	0	0	0	0	0	0	0	0	0	0	0	0	0	0	0	0	0	0	0	0	0	0	0	0	0	0	0	0	0	0	
0	0	0	0	0	0	0	0	0	0	0	0	0	0	0	0	0	0	0	0	0	0	0	0	0	0	0	0	0	0	0	0	0	0	0	0	0	0	0	
0	0	0	0	0	0	0	0	0	0	0	0	0	0	0	0	0	0	0	0	0	0	0	0	0	0	0	0	0	0	0	0	0	0	0	0	0	0	0	
0	0	0	0	0	0	0	0	0	0	0	0	0	0	0	0	0	0	0	0	0	0	0	0	0	0	0	0	0	0	0	0	0	0	0	0	0	0	0	
0	0	0	0	0	0	0	0	0	0	0	0	0	0	0	0	0	0	0	0	0	0	0	0	0	0	0	0	0	0	0	0	0	0	0	0	0	0	0	
0	0	0	0	0	0	0	0	0	0	0	0	0	0	0	0	0	0	0	0	0	0	0	0	0	0	0	0	0	0	0	0	0	0	0	0	0	0	0	
0	0	0	0	0	0	0	0	0	0	0	0	0	0	0	0	0	0	0	0	0	0	0	0	0	0	0	0	0	0	0	0	0	0	0	0	0	0	0	
0	0	0	0	0	0	0	0	0	0	0	0	0	0	0	0	0	0	0	0	0	0	0	0	0	0	0	0	0	0	0	0	0	0	0	0	0	0	0	
0	0	0	0	0	0	0	0	0	0	0	0	0	0	0	0	0	0	0	0	0	0	0	0	0	0	0	0	0	0	0	0	0	0	0	0	0	0	0	
0	0	0	0	0	0	0	0	0	0	0	0	0	0	0	0	0	0	0	0	0	0	0	0	0	0	0	0	0	0	0	0	0	0	0	0	0	0	0	
0	0	0	0	0	0	0	0	0	0	0	0	0	0	0	0	0	0	0	0	0	0	0	0	0	0	0	0	0	0	0	0	0	0	0	0	0	0	0	
0	0	0	0	0	0	0	0	0	0	0	0	0	0	0	0	0	0	0	0	0	0	0	0	0	0	0	0	0	0	0	0	0	0	0	0	0	0	0	
0	0	0	0	0	0	0	0	0	0	0	0	0	0	0	0	0	0	0	0	0	0	0	0	0	0	0	0	0	0	0	0	0	0	0	0	0	0	0	
0	0	0	0	0	0	0	0	0	0	0	0	0	0	0	0	0	0	0	0	0	0	0	0	0	0	0	0	0	0	0	0	0	0	0	0	0	0	0	
0	0	0	0	0	0	0	0	0	0	0	0	0	0	0	0	0	0	0	0	0	0	0	0	0	0	0	0	0	0	0	0	0	0	0	0	0	0	0	
0	0	0	0	0	0	0	0	0	0	0	0	0	0	0	0	0	0	0	0	0	0	0	0	0	0	0	0	0	0	0	0	0	0	0	0	0	0	0	
0	0	0	0	0	0	0	0	0	0	0	0	0	0	0	0	0	0	0	0	0	0	0	0	0	0	0	0	0	0	0	0	0	0	0	0	0	0	0	
0.000222830775650346	0.00145377349410659	0.00303482898921619	0.00460678862591478	0.00604859583798766	0.00729895008280391	0.00839369571056384	0.00939556361552282	0.0103005856135686	0.0110265232635076	0.0115403273820673	0.0118977369713762	0.0121361471950943	0.0122541490419672	0.012279349753641	0.0122535228630279	0.0121850437990528	0.0120641676864497	0.0118876718170318	0.011649875461981	0.0113371893820539	0.0109416093085938	0.0104582684504204	0.00987168308387746	0.00917403529537608	0.00837156142365406	0.00745240256356578	0.00640704589850023	0.00525678233709094	0.0040184874697149	0.00270722857700262	0.00130226989149684	-0.000424221895839225	-0.00291728293842702	-0.00607724859031411	-0.00828272109837775	-0.00738298043249302	-0.00378278218589032	-0.000672101708526443	
0.000178316806137067	0.00134470483357131	0.00310207623736405	0.00497580655237482	0.0066420126626625	0.00815475286868357	0.00957461239470643	0.0108783447799458	0.0119874317500435	0.0128997638228777	0.0136702268003935	0.0142753753912676	0.0146820365991928	0.0149427659071063	0.0151142167466397	0.0152026898350348	0.0152121931791225	0.0151562748202888	0.0150330247545178	0.0148317065833582	0.0145441883662885	0.0141578669643671	0.0136635948400631	0.0130575438242518	0.0123186879331546	0.0114357007974039	0.0104252309081123	0.00927016385441213	0.00794993990322012	0.00650221855635588	0.00493952905853829	0.00322173544169441	0.00127482207651982	-0.00109496748420939	-0.00390015537930092	-0.00629206939564093	-0.00658895844883391	-0.00390153373173188	-0.000735836216438165	
0.000251737877961056	0.00140948821454905	0.00301463254739729	0.00499942639293676	0.00696600450997444	0.00881815495914812	0.010530739128417	0.0120103730076441	0.0133225673128769	0.014564820798377	0.0156427637304158	0.0164636415487809	0.0170874808506948	0.0175766843951577	0.0179287212004833	0.0181524797022301	0.0182769040511141	0.0183134998920789	0.0182577607704716	0.0181039023436212	0.0178470682409024	0.0174771620025901	0.0169769743808394	0.0163397820483143	0.0155621519044232	0.0146144000996797	0.0134902353054303	0.0122172076977042	0.010759393305522	0.00909107187480747	0.00726012430757639	0.00525625430645228	0.00308583517087397	0.000703630167326183	-0.00206477944353063	-0.00476221488566777	-0.0056601715824611	-0.00339818279959896	-0.000548875782338263	
0.000220800558164409	0.00130033257171302	0.00278352532750638	0.00487463146164048	0.00715082356982192	0.00921487311873704	0.0109817621345649	0.0126839608454827	0.0144366665471891	0.016012574702831	0.0172934505624328	0.0183944204717205	0.0193483075054972	0.0200957558610772	0.0206491018840712	0.0210593431239051	0.0213417653712885	0.0214959100115246	0.0215286547426499	0.0214414059164526	0.0212251773282738	0.0208732002080461	0.0203755353578438	0.0197108018439566	0.0188770853750982	0.017872321114155	0.0166480436852274	0.0152102836063466	0.0136028025306939	0.0117442262315823	0.0096092576277166	0.00734534636117236	0.00504628829530112	0.00259088807476414	-0.000243861990078465	-0.00317580071026233	-0.00477113849419058	-0.00324251491094354	-0.000609093258536719	
0.000153256803069378	0.00122352849908617	0.0026939694814638	0.0047604517021624	0.00689117856433731	0.00885466310750305	0.010941028967973	0.0132135562791911	0.0152449747554606	0.0169491969088068	0.0185728821258754	0.0200933151131121	0.021358464251738	0.0223781752747188	0.0232109964468065	0.0238619049751477	0.0243326112724181	0.0246401180352198	0.0247937813058008	0.0247936984076429	0.0246362127548213	0.0243134588961724	0.0238204211087037	0.0231456319089674	0.0222625418990933	0.0211743991679361	0.0198751402957384	0.018291754637309	0.0164555977839655	0.0144281871495019	0.0120841007348856	0.00949381849116467	0.00694382915494726	0.00436597431653324	0.00153156549017334	-0.00156842385325234	-0.00388435057843847	-0.00296473978841912	-0.000553978639781384	
0.000328644735513033	0.00164782916302412	0.00266000743756023	0.00401309602597922	0.0057090740354031	0.00808793946411893	0.0109011456228061	0.0132630357948919	0.0152718240793743	0.0174337987409578	0.0195735137136785	0.0214071886766167	0.0229850325959737	0.0243714078908702	0.0255293295383373	0.0264464602282388	0.0271477596766011	0.0276492058570545	0.0279550091942848	0.0280686972656253	0.0279929408876295	0.0277229894925925	0.0272482416572509	0.0265654528659982	0.0256575262448476	0.0244872887254352	0.0230751577689031	0.0214060601290306	0.019369674841706	0.0170952691726964	0.0146862648221073	0.01189804324366	0.0089550129202171	0.00622780551809728	0.00343940912666959	0.000224391354392175	-0.00274121786063308	-0.00250198009246851	-0.000449395790792782	
0.000473065576294712	0.00159272938783813	0.00164937527516387	0.00249611936494001	0.00483152855004535	0.00781844446138891	0.0100903314858087	0.0121718495814974	0.0148660419424749	0.0176237199983909	0.0200038334601811	0.0221757605757036	0.0242002261637449	0.0259700702077143	0.0274560923050184	0.0286835841677398	0.0296610309980141	0.030391499642232	0.0308846174205492	0.0311474935437674	0.0311812625914631	0.0309847984683185	0.0305503056522283	0.029864249595289	0.028924992060609	0.0277114980791631	0.0261850492707134	0.0243991001462475	0.0223287145371096	0.0198633920196204	0.0172743982456594	0.0146084935479937	0.0115026718014812	0.00835196458343353	0.0055809175736946	0.00248858493792084	-0.00107619296823369	-0.00195989329291056	-0.000514883290273098	
-0.00018786412406213	-0.000130009369727769	-0.000276469482243451	0.00186293295928637	0.00475799386349797	0.00616273731898051	0.00779670195406136	0.0109751069985944	0.0142746279735654	0.017059067944224	0.0197776903629555	0.02246346705107	0.0248942324744117	0.0270273035281911	0.0288864333498724	0.0304604052047003	0.0317394355237643	0.0327297155403745	0.0334394528800914	0.0338736170180839	0.0340343584009047	0.0339221723477436	0.0335371344062558	0.0328722535510142	0.0319191171200957	0.0306917940148456	0.0291713499651687	0.0273258255254897	0.0252819861392183	0.0229788399436533	0.0202473272873097	0.0176197318301683	0.0149880192436539	0.0115564786986793	0.00831891979983809	0.00540656525350917	0.00141522651091884	-0.0006182690196625	-0.000322798488571693	
-0.000191407547043044	0.000554286478993572	0.000709844160417355	0.00172509292006932	0.00130256721445683	0.00209926715370137	0.0058642908009091	0.00961601510028143	0.01264150334321	0.0158644077432876	0.0191954409753806	0.0222659000007951	0.0250508767096316	0.0275741102376939	0.0297950103078632	0.0316869311530594	0.0332496631877732	0.034487582526032	0.0354053120717423	0.036010339638728	0.0363117729202794	0.036317254943778	0.0360343732454409	0.0354727980865855	0.0346350354054537	0.0335253677237048	0.0321777075105423	0.0305690314931939	0.0286803124584961	0.0267132680110002	0.0244574628824632	0.0217656751172477	0.0195406879857479	0.0169492692870778	0.0130693280998209	0.0091990058467049	0.00469643498791461	0.00210678291971777	0.000609259672011898	
0.00239440541775278	0.00762060764193933	0.004625026755735	-0.00249634800073554	-0.00461086102183064	-0.000232025312859929	0.00366403960650837	0.00649061018374187	0.0100860052982442	0.0140519198696745	0.0177509252911154	0.0211833560801413	0.0243827387917007	0.0272811156428915	0.0298375126926413	0.032048585198918	0.0339175077752031	0.035449579371664	0.0366555876703008	0.0375499209519942	0.0381479975942385	0.0384649033141245	0.038514328975316	0.0383106703246636	0.0378690897622462	0.0371964509017042	0.0363030826391432	0.0352319962132251	0.0339490996975532	0.0324270212297443	0.0309370321225157	0.0290974178237984	0.0267056893744399	0.0249432596097105	0.0219905186407076	0.0155976083706984	0.00845400999063297	0.00430080178095571	0.000980705361762992	
0.00191618975898763	0.00439738559213106	-0.00430346360313178	-0.00971672329056147	-0.00471104706587374	-0.00126454453024449	0.000676012228111715	0.0041150500978812	0.00827754658706425	0.0123279658696378	0.0162924430134662	0.0201737145230918	0.0238531063433488	0.027260514138964	0.0303756501125061	0.0331855086768488	0.0356806693121496	0.0378615066521543	0.0397355329726806	0.041313057320906	0.0426058133738111	0.0436272871600926	0.0443917309170489	0.0449119830330254	0.0452040482183859	0.0452861326715072	0.0451624112149092	0.0448489017602352	0.0444021668104182	0.0437218379053722	0.0427717637022517	0.0419654731791957	0.0401487708085359	0.0372133230956228	0.0352570031832175	0.02769749390019	0.0135372338678242	0.00325566537852839	-0.000612697950170768	
-0.0060995687955425	-0.0197670571676329	-0.0219178649491926	-0.00843592520442651	-0.000592934219467989	0.00281749187088177	0.00747821532305463	0.0129235591096732	0.0179691811024469	0.0227393177631936	0.027438005502951	0.0319630944140803	0.0362137146152072	0.0401711865019994	0.0438216132663267	0.0471438670618604	0.0501287896950732	0.052778378888348	0.055099295147824	0.057101783307322	0.0587994725669813	0.0602081658604319	0.0613448389602522	0.0622263570837036	0.0628685845304235	0.0632881162386577	0.0634956479450549	0.0634901052002817	0.0632704739392634	0.0628214709365015	0.0620093787560475	0.0607199686807515	0.0590204478711821	0.0554512259444614	0.0504351475710204	0.0445108775947018	0.0277850981487142	0.00992790291776867	0.000559975350151706	
0.00179873544485103	0.0270947770361925	0.0486799808030303	0.0561729233411485	0.0576110502781384	0.061403902291457	0.0655165705076329	0.0687165146412818	0.0716315629945742	0.0744927673274252	0.0771644162549189	0.0796267424780041	0.0819134861242533	0.084017199329834	0.0859237423239146	0.0876333051845414	0.0891501106701364	0.0904785046241454	0.0916253767149124	0.0926001473284382	0.0934134419776638	0.09407612271131	0.0945987776916524	0.0949921296001646	0.0952649688822983	0.095421253614672	0.0954684302618965	0.0954060606024211	0.0951994394794497	0.0948522905255707	0.0943698839042084	0.0934314171539303	0.0921161838768716	0.0910049663344108	0.0868093722477063	0.0826137843104092	0.0835236920129175	0.0575794451462591	0.00811503293295835	
