-1.27397178114032e-05	-4.9243367335598e-05	-2.43764944630048e-05	-9.3019498876841e-05	-0.000304019490621015	-0.00063763363622154	-0.00113689991844732	-0.00183685861696698	-0.00263229432178881	-0.00350885774474241	0	0	0	0	0	0	0	0	0	0	0	0	0	0	0	0	0	0	0	0	
-2.93978258140363e-05	-0.000131739713224028	-0.000217475475373745	-0.000546154000047904	-0.00128780184970652	-0.00248484291698553	-0.00416451324784794	-0.00626422081947709	-0.00880625462257823	-0.0118070043831684	0	0	0	0	0	0	0	0	0	0	0	0	0	0	0	0	0	0	0	0	
-5.74906764193953e-05	-0.000352734641267346	-0.000809971508390296	-0.00170405528141012	-0.00327826969612403	-0.00558189353559445	-0.00856118244641144	-0.0121791755480855	-0.0163236276552138	-0.0204937457250862	0	0	0	0	0	0	0	0	0	0	0	0	0	0	0	0	0	0	0	0	
-0.000120426500622239	-0.000771648189893623	-0.00187600951771464	-0.00363847703752963	-0.00624835527841605	-0.00969069351977487	-0.0139026359551371	-0.0186820366410279	-0.0235686433042724	-0.0281296957946582	0	0	0	0	0	0	0	0	0	0	0	0	0	0	0	0	0	0	0	0	
-0.000204561499049923	-0.0013215480838148	-0.00322235427012061	-0.00593901152784359	-0.00955461930800426	-0.013996621231386	-0.0190486173388051	-0.0242557741700294	-0.0291986045296125	-0.0336883956452017	0	0	0	0	0	0	0	0	0	0	0	0	0	0	0	0	0	0	0	0	
-0.000299169764303057	-0.00192934713763243	-0.00464061182120503	-0.0082185739585874	-0.0126530490101023	-0.0177228562378259	-0.0230049383740829	-0.0280619330867679	-0.0326391759095663	-0.036604619893731	0	0	0	0	0	0	0	0	0	0	0	0	0	0	0	0	0	0	0	0	
-0.000388805604369169	-0.00249028076426629	-0.00590233848804828	-0.0101413379346497	-0.0150487485286203	-0.0202471388467864	-0.0252853511683199	-0.029841233817718	-0.0337167800421082	-0.0368160687525866	0	0	0	0	0	0	0	0	0	0	0	0	0	0	0	0	0	0	0	0	
-0.00045598917736943	-0.00290794591474368	-0.00682160694976322	-0.0114220488395145	-0.0163927330486192	-0.0213300319289503	-0.025842496278747	-0.0296667250828679	-0.0326561424762106	-0.0348042118985726	0	0	0	0	0	0	0	0	0	0	0	0	0	0	0	0	0	0	0	0	
-0.000488696116328851	-0.0031167204906198	-0.00726022830382856	-0.0118879589959894	-0.016598442818973	-0.0210402832424131	-0.0248661705019659	-0.0278714388998532	-0.0300075789341085	-0.0313702016927722	0	0	0	0	0	0	0	0	0	0	0	0	0	0	0	0	0	0	0	0	
-0.000481449737350904	-0.00307545466357668	-0.00715198459612096	-0.0115335896804943	-0.0157777192462606	-0.0195932709864492	-0.0226870851120846	-0.024939853212691	-0.0264089809200353	-0.0272687022156422	0	0	0	0	0	0	0	0	0	0	0	0	0	0	0	0	0	0	0	0	
-0.000431855484197163	-0.00277867507056035	-0.00652558929854591	-0.0104702083800114	-0.0141263910546148	-0.0172696838390163	-0.0196892129403484	-0.0213460572304587	-0.0223758432541098	-0.0229882845601226	0	0	0	0	0	0	0	0	0	0	0	0	0	0	0	0	0	0	0	0	
-0.000344924784670539	-0.00226388032049501	-0.0054730974212058	-0.00885205586670216	-0.0118654239940044	-0.0143586751969766	-0.0162137106200637	-0.0174449702721241	-0.0182224969123087	-0.0187477140577311	0	0	0	0	0	0	0	0	0	0	0	0	0	0	0	0	0	0	0	0	
-0.000232060299535117	-0.00159271119112518	-0.00410691207213636	-0.00683818635533268	-0.00920637482899774	-0.011104856383529	-0.0125058360996577	-0.0134508506889996	-0.0140950399226046	-0.0145986330121618	0	0	0	0	0	0	0	0	0	0	0	0	0	0	0	0	0	0	0	0	
-0.000106233145700021	-0.00083363464981668	-0.00254349232810115	-0.00457219723500407	-0.00631744252559788	-0.00768506679202646	-0.0087199479837603	-0.00946912636788334	-0.0100354642876476	-0.010522682724563	0	0	0	0	0	0	0	0	0	0	0	0	0	0	0	0	0	0	0	0	
2.04078355785662e-05	-4.75934085567102e-05	-0.000885659868891455	-0.0021715895142017	-0.00332247794218159	-0.00421904764232067	-0.00494476476855877	-0.005534137356763	-0.00602951289290189	-0.0064900054099793	0	0	0	0	0	0	0	0	0	0	0	0	0	0	0	0	0	0	0	0	
0.000144643966920521	0.00072883791817425	0.000788148377752905	0.000265118674558838	-0.000323693139231414	-0.000786478893608862	-0.00121224834087302	-0.00164055273255318	-0.00206457520700242	-0.00248704089355793	0	0	0	0	0	0	0	0	0	0	0	0	0	0	0	0	0	0	0	0	
0.000260289849659799	0.00144550345091815	0.00237766739114672	0.00264098996736231	0.00262107041627548	0.00258090083488524	0.0024621534813435	0.00220354553354915	0.00185222376582977	0.00150326286552489	0	0	0	0	0	0	0	0	0	0	0	0	0	0	0	0	0	0	0	0	
0.000342030859413737	0.00202186689195236	0.00377905875582229	0.00488344890375559	0.00548038293307044	0.00585482099474624	0.00602253085773743	0.00596432984944301	0.00576428963719913	0.00551562034589239	0	0	0	0	0	0	0	0	0	0	0	0	0	0	0	0	0	0	0	0	
0.000405819532747447	0.00250404822675714	0.00500406907072707	0.0069291958317081	0.0081339979863227	0.00891898810933199	0.00942866705050464	0.00967665733527963	0.00968330957422566	0.0095152650425513	0	0	0	0	0	0	0	0	0	0	0	0	0	0	0	0	0	0	0	0	
0.000494571492959574	0.00293897600259369	0.00596790708936279	0.00858672634327856	0.0104383080304235	0.0117432154941117	0.0127134436893584	0.0132986605289023	0.0134649254224616	0.0134746939086906	0	0	0	0	0	0	0	0	0	0	0	0	0	0	0	0	0	0	0	0	
0.000497254164634617	0.00300538758082047	0.00633987985328514	0.00971087104247173	0.0124241948499749	0.0143848748323619	0.0157029673820841	0.0165333933959288	0.0171021267049488	0.017475553898298	0	0	0	0	0	0	0	0	0	0	0	0	0	0	0	0	0	0	0	0	
0.000394850793658035	0.00287051486326379	0.00644883015161652	0.0104974780473272	0.0139444308394912	0.0163516329292384	0.0180533292725077	0.0195206684533469	0.0206603106043489	0.0212893468676727	0	0	0	0	0	0	0	0	0	0	0	0	0	0	0	0	0	0	0	0	
0.000594794788228139	0.00344117804170427	0.00678527617748293	0.0106074077788875	0.0141397193431496	0.017203147434085	0.0200757552988153	0.0223073424812853	0.0236432103685203	0.0246798040566498	0	0	0	0	0	0	0	0	0	0	0	0	0	0	0	0	0	0	0	0	
0.00081504818752986	0.00349669752963576	0.00585136494283965	0.00912892861785341	0.0134272868200874	0.0180230156688248	0.0214835544382986	0.0237619693671264	0.0258646740198123	0.0277992157555638	0	0	0	0	0	0	0	0	0	0	0	0	0	0	0	0	0	0	0	0	
-1.84865521246475e-05	0.00120639983024166	0.00294353587518876	0.00748205307459016	0.0134669399077474	0.017739461485113	0.0207739196065529	0.0242732945158532	0.0275821649767536	0.0300896618215887	0	0	0	0	0	0	0	0	0	0	0	0	0	0	0	0	0	0	0	0	
-0.000123559060855767	0.00146363995069473	0.00313283962308669	0.00702892668962542	0.0100810403025512	0.0134551642483027	0.0191588085402457	0.0243182316279409	0.0279136807901967	0.0311393439989031	0	0	0	0	0	0	0	0	0	0	0	0	0	0	0	0	0	0	0	0	
0.00281296400022619	0.00920217564495792	0.00803101616798082	0.0031269751882414	0.00313730588414449	0.0104196056169663	0.0174697792388209	0.0225320840104736	0.0271347567604121	0.0308827027135161	0	0	0	0	0	0	0	0	0	0	0	0	0	0	0	0	0	0	0	0	
0.00206982255773289	0.00560721076840849	-0.00219211987799726	-0.00646188741730889	0.00105048753606543	0.00725983295125045	0.0120087169853277	0.0181847462314811	0.0242749692751057	0.0284294647401767	0	0	0	0	0	0	0	0	0	0	0	0	0	0	0	0	0	0	0	0	
-0.00664552930364616	-0.0223946276916111	-0.0252956523361699	-0.0110634407948291	-0.00243155721492254	0.00261028706642365	0.00953986961625424	0.0179500825487436	0.026518061760263	0.0344126923944427	0	0	0	0	0	0	0	0	0	0	0	0	0	0	0	0	0	0	0	0	
0.00138124124569918	0.0249454437362281	0.0456198202381638	0.0524020368908479	0.0537611878330611	0.0580962101696796	0.0633081803176938	0.0679173676139039	0.0728406540960327	0.0792377802947154	0	0	0	0	0	0	0	0	0	0	0	0	0	0	0	0	0	0	0	0	
