3.29641530489082e-06	4.04891199610338e-05	9.97877138396983e-05	0.00014334599600381	0.000158687020624552	0.000138066103092066	7.7249430310842e-05	-2.51502563552034e-05	-0.000172225846874172	-0.000367069949216472	-0.000610221442450204	-0.000912018013273219	-0.00128283942588199	-0.00167516961543287	-0.00207551863181455	0	0	0	0	0	0	0	0	0	0	0	0	0	0	0	0	0	0	0	0	0	0	0	0	0	0	0	0	0	0	
1.36688044465698e-05	9.18670423049358e-05	0.00021782548706303	0.000307061026235328	0.00030686772211322	0.00019584212673566	-3.62509947903493e-05	-0.00039676086111042	-0.000891963487764734	-0.00152976213652773	-0.00232646622099683	-0.00328782950041033	-0.00438052466179653	-0.00560879470024152	-0.00702066542412131	0	0	0	0	0	0	0	0	0	0	0	0	0	0	0	0	0	0	0	0	0	0	0	0	0	0	0	0	0	0	
9.45013827690199e-06	7.28648882013069e-05	0.000171530306824066	0.000198466802784204	7.69366973899231e-05	-0.000229738177633983	-0.000737871344299091	-0.00145797869290536	-0.00240092716538402	-0.0035827542539348	-0.00500907253631454	-0.00665348968695751	-0.00850238094434624	-0.0105488797726438	-0.0126490408475395	0	0	0	0	0	0	0	0	0	0	0	0	0	0	0	0	0	0	0	0	0	0	0	0	0	0	0	0	0	0	
-1.24605112784019e-06	-3.58282286483653e-06	-2.96183669860645e-05	-0.000181535844250092	-0.000538441963678557	-0.00114462918743318	-0.00202322850870647	-0.0031890853680794	-0.00465735977810856	-0.00643079252033335	-0.00848452354676452	-0.0107882064595572	-0.0132978400807954	-0.0158946530728877	-0.0184370993262038	0	0	0	0	0	0	0	0	0	0	0	0	0	0	0	0	0	0	0	0	0	0	0	0	0	0	0	0	0	0	
-1.96989501155291e-05	-0.000128830574551122	-0.000349473379087525	-0.000764977456494541	-0.0014431486238643	-0.00242520191242618	-0.00373853199389628	-0.00540167506079205	-0.00741665214163885	-0.00975927100132232	-0.0123885954229611	-0.0152382597031779	-0.018188181341025	-0.0211148309668043	-0.0239428258612817	0	0	0	0	0	0	0	0	0	0	0	0	0	0	0	0	0	0	0	0	0	0	0	0	0	0	0	0	0	0	
-4.55256921193295e-05	-0.000299245164730883	-0.000771055825632685	-0.00150957648317476	-0.00256460130893706	-0.00396950381260721	-0.00574920933319038	-0.0079116800763335	-0.0104363991698477	-0.0132770814343204	-0.0163561989220251	-0.0195541265648922	-0.0227470814205003	-0.0258486798224265	-0.0287871647512224	0	0	0	0	0	0	0	0	0	0	0	0	0	0	0	0	0	0	0	0	0	0	0	0	0	0	0	0	0	0	
-7.69039209507137e-05	-0.000505697499959523	-0.00127154152207258	-0.00236960166327113	-0.00382681554699266	-0.00566677890342352	-0.00790098626097535	-0.0105169307318535	-0.0134713315762048	-0.0166833040226289	-0.0200335195755212	-0.0233965705519045	-0.0266738388954547	-0.0297859109704356	-0.0326684757517199	0	0	0	0	0	0	0	0	0	0	0	0	0	0	0	0	0	0	0	0	0	0	0	0	0	0	0	0	0	0	
-0.000112390506097114	-0.000736590707251936	-0.00182046599213945	-0.00329081471440602	-0.00514640155097603	-0.00739596175941301	-0.0100323984361374	-0.0130196984617531	-0.0162820707701211	-0.0197037806007779	-0.0231564512979559	-0.0265292311612018	-0.0297312037795852	-0.0326932666565598	-0.0353755328804907	0	0	0	0	0	0	0	0	0	0	0	0	0	0	0	0	0	0	0	0	0	0	0	0	0	0	0	0	0	0	
-0.00014980169873371	-0.000977077719856697	-0.0023815821359021	-0.00421116159197481	-0.00643176293179482	-0.00903437499085382	-0.0119912067733898	-0.0152365486244139	-0.0186626823186187	-0.022141002180261	-0.0255499886599025	-0.0287856970585202	-0.0317674208325266	-0.0344466515692141	-0.0368016992518912	0	0	0	0	0	0	0	0	0	0	0	0	0	0	0	0	0	0	0	0	0	0	0	0	0	0	0	0	0	0	
-0.000186257623683034	-0.0012096002398558	-0.00291513255349263	-0.00506570330431938	-0.00759326348903993	-0.0104702937874514	-0.0136437202426713	-0.0170190805502941	-0.0204722454485281	-0.0238745060343942	-0.0271095906446083	-0.0300838396573096	-0.0327350004676529	-0.0350318822709377	-0.0369677063481185	0	0	0	0	0	0	0	0	0	0	0	0	0	0	0	0	0	0	0	0	0	0	0	0	0	0	0	0	0	0	
-0.000218782711350053	-0.00141575218458659	-0.00338119648573151	-0.00579444770219794	-0.00855373139160401	-0.0116110448282296	-0.0148884309824464	-0.0182729173097596	-0.021634967075021	-0.0248483538377694	-0.0278062594849253	-0.0304323739755163	-0.0326830086325049	-0.0345440873170289	-0.0360287775094614	0	0	0	0	0	0	0	0	0	0	0	0	0	0	0	0	0	0	0	0	0	0	0	0	0	0	0	0	0	0	
-0.000244552939893972	-0.00157838810862312	-0.00374495753494891	-0.00634877102731894	-0.00925381700234565	-0.012391842100901	-0.0156669339129947	-0.0189563639306875	-0.022129978876712	-0.0250693755237424	-0.0276836576973535	-0.0299157103492149	-0.0317418564620747	-0.0331703378696283	-0.0342375178691634	0	0	0	0	0	0	0	0	0	0	0	0	0	0	0	0	0	0	0	0	0	0	0	0	0	0	0	0	0	0	
-0.000261209542720518	-0.00168396009834723	-0.00398051653834604	-0.00669453845317842	-0.00965641677790839	-0.0127811433681909	-0.0159617909495087	-0.019071490300916	-0.0219853391792865	-0.0245989368322464	-0.0268401030700421	-0.0286727401621368	-0.0300971352690127	-0.0311462153789974	-0.0318770667670989	0	0	0	0	0	0	0	0	0	0	0	0	0	0	0	0	0	0	0	0	0	0	0	0	0	0	0	0	0	0	
-0.000267256217107114	-0.00172387476624024	-0.00407216659222662	-0.00681400045705157	-0.00974864990949769	-0.0127776828511142	-0.0157886556086086	-0.0186566142794006	-0.0212678777548833	-0.0235353337235846	-0.0254072603821297	-0.0268711438363925	-0.0279520807432846	-0.0287044209519062	-0.0291990826108748	0	0	0	0	0	0	0	0	0	0	0	0	0	0	0	0	0	0	0	0	0	0	0	0	0	0	0	0	0	0	
-0.000262102892552328	-0.0016946703589861	-0.00401480942732983	-0.00670586218660586	-0.00953879561018184	-0.0124038023496654	-0.0151887207850219	-0.0177764290168955	-0.0200680128215671	-0.0219954073088196	-0.0235288056727127	-0.0246790645141516	-0.0254921934603733	-0.0260368323804139	-0.0263889672428674	0	0	0	0	0	0	0	0	0	0	0	0	0	0	0	0	0	0	0	0	0	0	0	0	0	0	0	0	0	0	
-0.000245973611348838	-0.00159791853667418	-0.00381344907857063	-0.00638254050704869	-0.00905089661460631	-0.0116989374398482	-0.0142202768064118	-0.0165098474064823	-0.0184852699523826	-0.0200984311573676	-0.0213407159978673	-0.0222424340458538	-0.0228635836771325	-0.0232785850535885	-0.0235604144010344	0	0	0	0	0	0	0	0	0	0	0	0	0	0	0	0	0	0	0	0	0	0	0	0	0	0	0	0	0	0	
-0.000219882277997063	-0.00143973377246484	-0.00348120448289932	-0.00586621351370758	-0.00831959870572441	-0.0107129951452915	-0.0129496212069464	-0.0149392541975942	-0.0166167593043925	-0.0179530938137598	-0.0189574358065466	-0.0196733518221819	-0.0201669646870578	-0.0205107334948006	-0.0207689157959875	0	0	0	0	0	0	0	0	0	0	0	0	0	0	0	0	0	0	0	0	0	0	0	0	0	0	0	0	0	0	
-0.000185470436496429	-0.00122957067940448	-0.00303670653446569	-0.00518519543015785	-0.00738534955966289	-0.00949987558238213	-0.011443478792594	-0.013142614674365	-0.01454884656042	-0.0156493404186055	-0.0164660034386663	-0.0170488035221916	-0.0174628249416755	-0.0177729281377069	-0.0180317580378037	0	0	0	0	0	0	0	0	0	0	0	0	0	0	0	0	0	0	0	0	0	0	0	0	0	0	0	0	0	0	
-0.000144718444114208	-0.0009788239188538	-0.00250181168972114	-0.00437083796593564	-0.00629010237576223	-0.00811236021759433	-0.00976378836394227	-0.0111883106615112	-0.012352502730846	-0.0132556272884522	-0.0139267307847747	-0.0144159006140897	-0.0147817240664517	-0.0150782581058015	-0.0153459796360846	0	0	0	0	0	0	0	0	0	0	0	0	0	0	0	0	0	0	0	0	0	0	0	0	0	0	0	0	0	0	
-9.97309459428898e-05	-0.000699741674573258	-0.00189979198302721	-0.00345502886963616	-0.00507415364676177	-0.00659879649997961	-0.00796461617486584	-0.00913263585145497	-0.0100822382509163	-0.010820283716687	-0.0113776653621511	-0.0117996787009969	-0.0121349873297123	-0.0124256313855608	-0.0127007758262711	0	0	0	0	0	0	0	0	0	0	0	0	0	0	0	0	0	0	0	0	0	0	0	0	0	0	0	0	0	0	
-5.26160493677285e-05	-0.000404657315256269	-0.0012539784904227	-0.00246851767174245	-0.00377429685139179	-0.00500132932550322	-0.00609093216193641	-0.00701968772503865	-0.0077776144063947	-0.00837505418014931	-0.00884036721348161	-0.00921076934794108	-0.00952330263494742	-0.00980803374567382	-0.0100843305351754	0	0	0	0	0	0	0	0	0	0	0	0	0	0	0	0	0	0	0	0	0	0	0	0	0	0	0	0	0	0	
-5.38156713893434e-06	-0.000105387818084556	-0.000586838236428207	-0.0014400531787776	-0.00242311636141758	-0.00335550130246113	-0.00417894885821005	-0.00488284423846751	-0.00546606966072378	-0.0059393790770792	-0.00632546464252671	-0.00665153980273189	-0.00694243867695487	-0.00721704741655498	-0.0074867229237376	0	0	0	0	0	0	0	0	0	0	0	0	0	0	0	0	0	0	0	0	0	0	0	0	0	0	0	0	0	0	
4.01715505326425e-05	0.000187265266914819	8.05678685183274e-05	-0.000396289103944118	-0.00104929956787837	-0.00169089776724383	-0.00225738246035247	-0.0027469714476718	-0.00316623181901673	-0.00352465744342225	-0.00383721342334496	-0.00412015238186283	-0.00438648098052715	-0.00464510535571235	-0.00490063904142638	0	0	0	0	0	0	0	0	0	0	0	0	0	0	0	0	0	0	0	0	0	0	0	0	0	0	0	0	0	0	
8.25048566025689e-05	0.000463676260702195	0.000728551969852772	0.000637673689479664	0.000321464029715911	-3.22124453205977e-05	-0.000349095189351466	-0.00063110840819907	-0.000891384122840938	-0.00113776654826515	-0.00137660619512686	-0.00161320776836967	-0.00184982091862069	-0.0020862367310316	-0.0023207538915228	0	0	0	0	0	0	0	0	0	0	0	0	0	0	0	0	0	0	0	0	0	0	0	0	0	0	0	0	0	0	
0.000120273438846889	0.000715222497490744	0.00133859745512404	0.00163790145183591	0.00166553738422065	0.00159909792005633	0.00152660111289703	0.00144876328868101	0.00134774404357474	0.00121649900201658	0.00105630817212063	0.000872031793348518	0.000671839653370725	0.000464591804906064	0.000257160842230823	0	0	0	0	0	0	0	0	0	0	0	0	0	0	0	0	0	0	0	0	0	0	0	0	0	0	0	0	0	0	
0.000152359385814456	0.000934757358638685	0.00189407614432674	0.00258141326539529	0.00295958011717628	0.00318222366506397	0.00335163741476275	0.00347805345731693	0.00354121857143198	0.00353277997606976	0.00345974191007572	0.00333676290344491	0.00318198322509503	0.00301133664075394	0.00283612701443637	0	0	0	0	0	0	0	0	0	0	0	0	0	0	0	0	0	0	0	0	0	0	0	0	0	0	0	0	0	0	
0.000178171745573185	0.00111710665518415	0.00238002417967656	0.0034445665335323	0.00417825961725587	0.00469563031113327	0.0051086653788207	0.00544216892528611	0.00567691479753212	0.00580220309663199	0.00582926058598517	0.00578087001335469	0.00568219051233084	0.00555538538110981	0.00541849564105334	0	0	0	0	0	0	0	0	0	0	0	0	0	0	0	0	0	0	0	0	0	0	0	0	0	0	0	0	0	0	
0.000197295783021136	0.00125752271584773	0.00278128214004394	0.00420287946455809	0.00529533552469032	0.00611697779921168	0.00677864333444217	0.00732267646638618	0.00773782215384793	0.0080127744038551	0.00815833163299697	0.00819975882081499	0.00816912348587603	0.00809719783237769	0.00800729010832372	0	0	0	0	0	0	0	0	0	0	0	0	0	0	0	0	0	0	0	0	0	0	0	0	0	0	0	0	0	0	
0.000208954757948751	0.00135248314054822	0.00308683223739464	0.00483604759331147	0.00628426702738907	0.00741808249229346	0.00833485567714384	0.00909638304943848	0.00970555324028412	0.0101493393020716	0.0104322045134369	0.010581199223098	0.0106374872207325	0.0106365530781998	0.0106028210565879	0	0	0	0	0	0	0	0	0	0	0	0	0	0	0	0	0	0	0	0	0	0	0	0	0	0	0	0	0	0	
0.000213882016052018	0.00140478440313751	0.00329334645966487	0.00532451116888699	0.00711019086091424	0.00856155412047351	0.00974774057343528	0.0107414106174508	0.0115580151737502	0.012184423710131	0.0126255052211383	0.0129110531348841	0.0130792965159501	0.0131643669317114	0.0132002651131578	0	0	0	0	0	0	0	0	0	0	0	0	0	0	0	0	0	0	0	0	0	0	0	0	0	0	0	0	0	0	
0.000214436230655968	0.00141758971324891	0.00339093261111994	0.00564065354454626	0.00773712781904671	0.00951499122649753	0.0109902806190601	0.012225867907024	0.0132542345419667	0.014082358815669	0.014716256178708	0.0151682120877126	0.0154695375101893	0.0156644635857257	0.0157944489084379	0	0	0	0	0	0	0	0	0	0	0	0	0	0	0	0	0	0	0	0	0	0	0	0	0	0	0	0	0	0	
0.000208701242309928	0.00138520277291073	0.00337221500421464	0.00577918078651481	0.00815372256747519	0.0102473545943088	0.0120088474053999	0.0134907678425454	0.0147545875760556	0.015819424681379	0.0166693457224029	0.017306449671883	0.017776038524382	0.0181209025002108	0.0183702737992646	0	0	0	0	0	0	0	0	0	0	0	0	0	0	0	0	0	0	0	0	0	0	0	0	0	0	0	0	0	0	
0.000194656740085663	0.0013195712624883	0.00327036180557184	0.00576236873306292	0.00833279219624808	0.010687088982241	0.0127309904591181	0.0145017679910437	0.0160416319544103	0.0173440557682928	0.0184134801199115	0.0192818974778352	0.0199719802266814	0.0204953232880255	0.0208921194918779	0	0	0	0	0	0	0	0	0	0	0	0	0	0	0	0	0	0	0	0	0	0	0	0	0	0	0	0	0	0	
0.000187098889939787	0.00126124961106944	0.0030984402791797	0.00554410085629627	0.00819883067688085	0.0107843076605093	0.0131553551537809	0.0152410990734186	0.0170246750438512	0.0185635025710201	0.0199143654331413	0.0210626089735951	0.0219913410510882	0.022727032326255	0.0233222057376847	0	0	0	0	0	0	0	0	0	0	0	0	0	0	0	0	0	0	0	0	0	0	0	0	0	0	0	0	0	0	
0.000192571169582932	0.00118558566361391	0.00278839688635554	0.00509363355282798	0.00780784967178074	0.010619779572025	0.0132465713138986	0.0155430859934474	0.0175868440206098	0.0194718460345827	0.0211449723308639	0.0225556913278565	0.0237535546806375	0.02476781975283	0.0256058723486648	0	0	0	0	0	0	0	0	0	0	0	0	0	0	0	0	0	0	0	0	0	0	0	0	0	0	0	0	0	0	
0.000159681221244776	0.00101092536554254	0.00239218987159082	0.00460691267329345	0.00731267967612432	0.0101098693901594	0.0127646890677219	0.0153260850254527	0.0178053738552228	0.0200264655073153	0.0219485133947204	0.0236772804572631	0.0252264243475512	0.0265418107374362	0.0276512685029856	0	0	0	0	0	0	0	0	0	0	0	0	0	0	0	0	0	0	0	0	0	0	0	0	0	0	0	0	0	0	
0.00011079683592527	0.000923189976814504	0.00213620077110524	0.00409021775436104	0.00639301521326617	0.00891043399506788	0.0117944058232234	0.0148331988977965	0.0175697569867797	0.0199838631280103	0.0222733574384646	0.0244199536057893	0.0263185669654266	0.0279496695021152	0.0293835065956112	0	0	0	0	0	0	0	0	0	0	0	0	0	0	0	0	0	0	0	0	0	0	0	0	0	0	0	0	0	0	
0.000252108629454223	0.00121014818210914	0.00185685244370185	0.00297565017381724	0.00474630866662428	0.00747743268461863	0.0107470357502133	0.0137315797688636	0.0165059291590637	0.0193894227664592	0.0221832228345918	0.0246719713629653	0.0269100808116032	0.0289302233181819	0.0307204305777539	0	0	0	0	0	0	0	0	0	0	0	0	0	0	0	0	0	0	0	0	0	0	0	0	0	0	0	0	0	0	
0.000356505457584849	0.00106836762133067	0.000766332758185331	0.00137826090947043	0.00355237254322656	0.00642022548147162	0.00889270869182443	0.0115623653195007	0.0149410789860627	0.0183633872647531	0.0214370449129583	0.0243126280605017	0.0269771821079345	0.0293600937510746	0.0315186383149471	0	0	0	0	0	0	0	0	0	0	0	0	0	0	0	0	0	0	0	0	0	0	0	0	0	0	0	0	0	0	
-0.000224652858378569	-0.000450672437782569	-0.000930383006409142	0.000681629001499223	0.00283671851230758	0.00390883609550801	0.00576511980876334	0.00928857710938787	0.01304533766216	0.0165112526339739	0.0199813546417473	0.0233889455617538	0.0264856219270434	0.0292064586679353	0.0317191602862046	0	0	0	0	0	0	0	0	0	0	0	0	0	0	0	0	0	0	0	0	0	0	0	0	0	0	0	0	0	0	
-0.000209431910971124	0.000216733536402903	-0.000200583489606192	-0.000134450282839509	-0.00127153998763912	-0.000680889097531447	0.00292936092053017	0.00673110281031945	0.0101544662217457	0.0139792391837178	0.0180815763595843	0.0219775365849289	0.0254929085108626	0.0286469186447622	0.0313166010431128	0	0	0	0	0	0	0	0	0	0	0	0	0	0	0	0	0	0	0	0	0	0	0	0	0	0	0	0	0	0	
0.0021313932132347	0.00650584256605593	0.00249780368841149	-0.00518547304776542	-0.0075679331948264	-0.00380351853797135	-0.000333325123262735	0.0025310913008987	0.00644546505454719	0.0109175265664063	0.015337798550021	0.0196924673269067	0.0237550636522952	0.0273909672222743	0.0302024349465103	0	0	0	0	0	0	0	0	0	0	0	0	0	0	0	0	0	0	0	0	0	0	0	0	0	0	0	0	0	0	
0.00170406161290888	0.00319468745526765	-0.00618283095022334	-0.0119201895827446	-0.00770005677663564	-0.00484676918326382	-0.00320841462077374	8.58832525659897e-05	0.00434698155817342	0.00878542527200199	0.0132838274895911	0.0178201833841166	0.0225432384494525	0.0269584959943072	0.0308161343498937	0	0	0	0	0	0	0	0	0	0	0	0	0	0	0	0	0	0	0	0	0	0	0	0	0	0	0	0	0	0	
-0.00586731237553221	-0.0186838085691859	-0.0207300978636326	-0.00787525881728256	-0.000364657370645178	0.00270484030285915	0.00691175287561511	0.0119768388589407	0.016786354209729	0.0214945442624208	0.0263531786227632	0.0312115100320217	0.0361314555231991	0.0414773255888894	0.0465743409570282	0	0	0	0	0	0	0	0	0	0	0	0	0	0	0	0	0	0	0	0	0	0	0	0	0	0	0	0	0	0	
0.00204159080744636	0.0282741333376025	0.0501639448663763	0.0577764763604503	0.059154339367653	0.0627452867331719	0.066624409996893	0.0695757772146943	0.0722600736121781	0.074943493933462	0.0775394941928794	0.0801407302281347	0.0826578814649037	0.0851343076773704	0.0884392333065626	0	0	0	0	0	0	0	0	0	0	0	0	0	0	0	0	0	0	0	0	0	0	0	0	0	0	0	0	0	0	
