2.94033570352925e-06	2.97681974755959e-05	6.95886298683275e-05	0.00010953993953008	0.000143447743038077	0.000165250008784333	0.000171498256630171	0.000160966267762385	0.000133254714466048	8.81596773836189e-05	2.52796476448643e-05	-5.649706536694e-05	-0.000158879048180215	-0.000283007988105223	-0.000430775001749394	-0.000607136089155827	-0.000809694614324372	-0.00102787085357635	-0.00128773681362561	-0.00160061490825984	0	0	0	0	0	0	0	0	0	0	0	0	0	0	0	0	0	0	0	0	0	0	0	0	0	0	0	0	0	0	0	0	0	0	0	0	0	0	0	0	
1.10535403803727e-05	7.16947358779507e-05	0.000168660407302216	0.000267982679546256	0.000345643398327438	0.000386964460082873	0.000382911401131059	0.000329180417233045	0.000224325230952297	6.74609081416754e-05	-0.000143191573841322	-0.000410505322846687	-0.000737965703523931	-0.00113070505844755	-0.00159427165258007	-0.00212691397033254	-0.00272792991896395	-0.00341271420710064	-0.00415359263854117	-0.00488095109368136	0	0	0	0	0	0	0	0	0	0	0	0	0	0	0	0	0	0	0	0	0	0	0	0	0	0	0	0	0	0	0	0	0	0	0	0	0	0	0	0	
1.14911018599383e-05	8.1510628796988e-05	0.000195622601904254	0.000306426092829937	0.000378277076692856	0.00038914500311454	0.000326654067077951	0.000184109885276614	-4.19752656360609e-05	-0.000354201340232557	-0.000755825637472387	-0.00125098485647606	-0.00184516840209504	-0.0025438063255495	-0.00334697126815123	-0.00425281482830722	-0.00526383690522584	-0.00636034557628483	-0.00749828892927628	-0.00867313466331191	0	0	0	0	0	0	0	0	0	0	0	0	0	0	0	0	0	0	0	0	0	0	0	0	0	0	0	0	0	0	0	0	0	0	0	0	0	0	0	0	
1.03965460990402e-05	7.08327377194359e-05	0.000162962331389464	0.000235776829034925	0.000250039113738441	0.000180489281708093	1.20843823655433e-05	-0.000264050196473615	-0.000653964937113712	-0.0011626467878224	-0.00179496716092635	-0.00255638915118091	-0.00345153345308738	-0.00448045547981849	-0.00563999147040686	-0.00692519993755717	-0.00831560300623059	-0.00977608520214653	-0.0112837213341116	-0.0128183643733885	0	0	0	0	0	0	0	0	0	0	0	0	0	0	0	0	0	0	0	0	0	0	0	0	0	0	0	0	0	0	0	0	0	0	0	0	0	0	0	0	
6.01519120684303e-06	4.03444400715366e-05	8.07727969009835e-05	7.70816117860073e-05	-8.04981083590686e-06	-0.000199521326853239	-0.000513846806741577	-0.000961975936479128	-0.00155200298932161	-0.0022908216886049	-0.00318467266133045	-0.00423794016992424	-0.00545049612562195	-0.00681770816555884	-0.00833001287896181	-0.00996510671241522	-0.011689763303268	-0.0134755138224127	-0.0152916147984966	-0.0170984013587294	0	0	0	0	0	0	0	0	0	0	0	0	0	0	0	0	0	0	0	0	0	0	0	0	0	0	0	0	0	0	0	0	0	0	0	0	0	0	0	0	
-1.32104612995006e-06	-8.92574044411029e-06	-4.61847291642535e-05	-0.000157742840738475	-0.000376482604998903	-0.000724617381318832	-0.00121832289166662	-0.00186977215916458	-0.00268853299909525	-0.00368244885876078	-0.0048567738017093	-0.00621184534698935	-0.00774214942671202	-0.00943519983848957	-0.0112671528173998	-0.0132043596610145	-0.0152124396661135	-0.017254644429009	-0.0192892626911087	-0.0212808547753311	0	0	0	0	0	0	0	0	0	0	0	0	0	0	0	0	0	0	0	0	0	0	0	0	0	0	0	0	0	0	0	0	0	0	0	0	0	0	0	0	
-1.10675692465257e-05	-7.47152510725031e-05	-0.0002129414973911	-0.00045913344226474	-0.000839010216053894	-0.00137089539480162	-0.00206939946047644	-0.00294675539267542	-0.0040130039913763	-0.00527492926919778	-0.00673409759224545	-0.00838530274430802	-0.0102148258395439	-0.0121977290005372	-0.014299378046581	-0.0164814245178721	-0.0187024509912308	-0.0209181750090837	-0.0230892215925434	-0.025183498010756	0	0	0	0	0	0	0	0	0	0	0	0	0	0	0	0	0	0	0	0	0	0	0	0	0	0	0	0	0	0	0	0	0	0	0	0	0	0	0	0	
-2.31085362399906e-05	-0.000155399728028824	-0.000414681628883544	-0.000817714819806939	-0.00137991535491375	-0.00211455756346737	-0.00303420054446114	-0.00415015278011714	-0.00547099760511488	-0.00700018592430987	-0.00873380038721933	-0.0106584444704218	-0.0127491810399138	-0.0149707265812539	-0.0172819353918499	-0.0196379961583151	-0.021992588785223	-0.0243039597889899	-0.0265370324814855	-0.0286623573273728	0	0	0	0	0	0	0	0	0	0	0	0	0	0	0	0	0	0	0	0	0	0	0	0	0	0	0	0	0	0	0	0	0	0	0	0	0	0	0	0	
-3.72469353837471e-05	-0.00024925077031044	-0.000646003260318741	-0.00122244926396997	-0.00198115865397379	-0.00292931577818898	-0.00407691077838863	-0.00543321420993888	-0.00700343833428781	-0.00878573915109868	-0.0107683859925046	-0.0129276329682035	-0.0152284623791866	-0.0176281531188099	-0.0200794116545298	-0.0225337818221683	-0.0249470514556413	-0.0272820342964602	-0.0295081769622372	-0.0316023956164247	0	0	0	0	0	0	0	0	0	0	0	0	0	0	0	0	0	0	0	0	0	0	0	0	0	0	0	0	0	0	0	0	0	0	0	0	0	0	0	0	
-5.30905310809989e-05	-0.000353669920758449	-0.000899952166129236	-0.00166003079220173	-0.00262175504629842	-0.0037856453384659	-0.00515834033213613	-0.00674583372871901	-0.00854840409575297	-0.010556832843612	-0.0127497891164851	-0.015093735200139	-0.0175456513428664	-0.0200566382880987	-0.0225761651738606	-0.0250572938407228	-0.0274599231724236	-0.0297514462973352	-0.0319075626822986	-0.0339118729052385	0	0	0	0	0	0	0	0	0	0	0	0	0	0	0	0	0	0	0	0	0	0	0	0	0	0	0	0	0	0	0	0	0	0	0	0	0	0	0	0	
-7.01166464226306e-05	-0.000465130049755006	-0.00116769484857529	-0.00211479848274048	-0.00327818394977881	-0.004651383148898	-0.00623699900233502	-0.0080365138818356	-0.0100436325515544	-0.0122403374139317	-0.014595800346117	-0.0170681434853076	-0.0196079309783675	-0.0221628664349555	-0.0246831553024437	-0.027125257513178	-0.0294533653983343	-0.0316402817695216	-0.0336676336261883	-0.035524244886559	0	0	0	0	0	0	0	0	0	0	0	0	0	0	0	0	0	0	0	0	0	0	0	0	0	0	0	0	0	0	0	0	0	0	0	0	0	0	0	0	
-8.76702985387645e-05	-0.000579316580983062	-0.00143887661939071	-0.00256926403618967	-0.00392528870806774	-0.00549328144110448	-0.00727120349728256	-0.00925480057665863	-0.01142997731534	-0.0137697891667535	-0.0162349382457485	-0.0187767544513872	-0.0213419225886957	-0.023878002828022	-0.02633778161884	-0.0286815670154365	-0.0308783817635348	-0.0329062663131201	-0.0347517813675717	-0.0364087283982386	0	0	0	0	0	0	0	0	0	0	0	0	0	0	0	0	0	0	0	0	0	0	0	0	0	0	0	0	0	0	0	0	0	0	0	0	0	0	0	0	
-0.00010498448464848	-0.00069134305492934	-0.0017022378795233	-0.00300512380382302	-0.00453767777931997	-0.00627888113515855	-0.00822135311244175	-0.010354195479845	-0.0126552091990249	-0.0150891627757843	-0.0176096835212904	-0.020163586573423	-0.022696453951122	-0.0251575683037759	-0.0275030674392971	-0.0296976886932527	-0.0317154309163084	-0.0335393265149632	-0.0351611603394023	-0.0365806118783595	0	0	0	0	0	0	0	0	0	0	0	0	0	0	0	0	0	0	0	0	0	0	0	0	0	0	0	0	0	0	0	0	0	0	0	0	0	0	0	0	
-0.000121240280480502	-0.000796072938032065	-0.00194633662366009	-0.00340446327874538	-0.00509131187266688	-0.00697832830936588	-0.00905218470964691	-0.0112949917695874	-0.0136768157891402	-0.0161552656216179	-0.0186788661286019	-0.0211923820639573	-0.0236422091146153	-0.0259804189720843	-0.0281672581419927	-0.0301723573699019	-0.0319749939474077	-0.0335640111603197	-0.0349376478400334	-0.0361025784829014	0	0	0	0	0	0	0	0	0	0	0	0	0	0	0	0	0	0	0	0	0	0	0	0	0	0	0	0	0	0	0	0	0	0	0	0	0	0	0	0	
-0.000135627562246085	-0.000888490745391831	-0.00216033682821746	-0.00375089839544436	-0.00556489831626014	-0.00756604134837827	-0.00973473066935858	-0.0120462116974291	-0.0144636598595652	-0.0169391873422065	-0.0194183977706616	-0.0218459453044294	-0.0241703693802946	-0.0263474943111064	-0.0283423860758898	-0.0301302121391719	-0.0316965744449846	-0.0330375152422923	-0.0341589124463252	-0.0350750357285322	0	0	0	0	0	0	0	0	0	0	0	0	0	0	0	0	0	0	0	0	0	0	0	0	0	0	0	0	0	0	0	0	0	0	0	0	0	0	0	0	
-0.000147403733170756	-0.000964066719950524	-0.00233472645111686	-0.00403051190172223	-0.00594100491349024	-0.00802200150557296	-0.0102475649068733	-0.0125866057632705	-0.0149967198836994	-0.0174264284002479	-0.019820328989387	-0.0221244783233528	-0.0242907122217405	-0.0262795000925904	-0.0280615430346635	-0.0296186297919251	-0.0309439973293577	-0.0320419603370449	-0.0329265090859771	-0.0336191517990189	0	0	0	0	0	0	0	0	0	0	0	0	0	0	0	0	0	0	0	0	0	0	0	0	0	0	0	0	0	0	0	0	0	0	0	0	0	0	0	0	
-0.000155949357073598	-0.00101906279094503	-0.00246186282169019	-0.00423254136271828	-0.00620681875404137	-0.00833244749328436	-0.0105773049546679	-0.0129048870501648	-0.0152687960139902	-0.0176157703001525	-0.0198910215779751	-0.0220433148302976	-0.02402879968391	-0.0258134759959151	-0.0273746953298019	-0.0287019949556607	-0.0297971112230031	-0.0306728719359143	-0.0313508417044466	-0.0318584215893329	0	0	0	0	0	0	0	0	0	0	0	0	0	0	0	0	0	0	0	0	0	0	0	0	0	0	0	0	0	0	0	0	0	0	0	0	0	0	0	0	
-0.000160807933332141	-0.00105074762530968	-0.00253633220181506	-0.00434977454380023	-0.00635445921205468	-0.00849000814654545	-0.0107184989232498	-0.0129991899778707	-0.0152833038119746	-0.0175174254257602	-0.019648788878173	-0.021629983244716	-0.0234223813461068	-0.0249984159603164	-0.0263430030573125	-0.0274540701954545	-0.0283418910236556	-0.0290270585930918	-0.0295372313987634	-0.0299036731021685	0	0	0	0	0	0	0	0	0	0	0	0	0	0	0	0	0	0	0	0	0	0	0	0	0	0	0	0	0	0	0	0	0	0	0	0	0	0	0	0	
-0.000161708039979397	-0.00105751894774982	-0.00255511505221693	-0.0043786278519141	-0.00638088520614707	-0.00849338715296195	-0.010672958953219	-0.0128758820071639	-0.0150525306695683	-0.0171507867991705	-0.0191210986913689	-0.0209208093435744	-0.0225173163034014	-0.0238902027870467	-0.0250323929953336	-0.025950093874405	-0.0266612632671778	-0.0271926691852324	-0.027575979444039	-0.0278440403418952	0	0	0	0	0	0	0	0	0	0	0	0	0	0	0	0	0	0	0	0	0	0	0	0	0	0	0	0	0	0	0	0	0	0	0	0	0	0	0	0	
-0.000158571061982776	-0.00103893120053721	-0.00251755329013922	-0.00431895660052953	-0.00628749519443055	-0.00834667476076894	-0.0104486662554547	-0.0125480061493335	-0.014595623486482	-0.0165419366514281	-0.0183415745374754	-0.0199573778807945	-0.021363340051358	-0.0225464871022555	-0.0235075483992584	-0.0242601332571847	-0.0248283089144536	-0.0252429287654909	-0.0255374026714688	-0.0257440302316007	0	0	0	0	0	0	0	0	0	0	0	0	0	0	0	0	0	0	0	0	0	0	0	0	0	0	0	0	0	0	0	0	0	0	0	0	0	0	0	0	
-0.000151502945012782	-0.000995630696232195	-0.00242515647987173	-0.00417367357851352	-0.00607949786448595	-0.00805839504828737	-0.0100584469314549	-0.0120335721315942	-0.0139364775812082	-0.015721127072213	-0.0173470707448403	-0.0187831429487574	-0.0200101324218937	-0.0210222657328624	-0.0218272400217037	-0.022444587010667	-0.0229024959911152	-0.0232337004995689	-0.023471265148528	-0.0236452422189863	0	0	0	0	0	0	0	0	0	0	0	0	0	0	0	0	0	0	0	0	0	0	0	0	0	0	0	0	0	0	0	0	0	0	0	0	0	0	0	0	
-0.000140771833741845	-0.00092922082663999	-0.00228130056606597	-0.0039482400481498	-0.00576514012423712	-0.0076404330520434	-0.00951858431239398	-0.011353843360389	-0.0131017023125213	-0.0147204471791765	-0.0161750403326419	-0.0174404859803797	-0.0185041385510339	-0.0193666732598704	-0.020041424404968	-0.0205520241306687	-0.0209287118644124	-0.0212040919315386	-0.0214092143345662	-0.0215707405838922	0	0	0	0	0	0	0	0	0	0	0	0	0	0	0	0	0	0	0	0	0	0	0	0	0	0	0	0	0	0	0	0	0	0	0	0	0	0	0	0	
-0.000126778008201325	-0.000842085906736071	-0.00209086341404765	-0.00365009245416719	-0.00535489202521269	-0.00710696110661332	-0.00884748361668742	-0.0105317515639112	-0.0121188170960173	-0.0135718285947547	-0.0148613759314279	-0.0159684687858859	-0.0168864001726459	-0.0176211485818584	-0.0181900714620469	-0.0186190064980024	-0.0189383471274723	-0.0191789495736856	-0.0193686993580939	-0.0195302784628033	0	0	0	0	0	0	0	0	0	0	0	0	0	0	0	0	0	0	0	0	0	0	0	0	0	0	0	0	0	0	0	0	0	0	0	0	0	0	0	0	
-0.000110020396010411	-0.000737194819827107	-0.00185983689046089	-0.00328806892515968	-0.00486066954097272	-0.00647344722267761	-0.00806448125415119	-0.00959054309303719	-0.0110147748926086	-0.0123054885754632	-0.0134388449539853	-0.0144013895086683	-0.015191422426252	-0.0158188502674608	-0.0163033708638591	-0.0166712732939381	-0.0169515454923639	-0.0171721442236915	-0.0173571490045536	-0.0175251386753135	0	0	0	0	0	0	0	0	0	0	0	0	0	0	0	0	0	0	0	0	0	0	0	0	0	0	0	0	0	0	0	0	0	0	0	0	0	0	0	0	
-9.10620966718385e-05	-0.000617902755904828	-0.00159495299478749	-0.00287188510405579	-0.0042951491711574	-0.00575580607299035	-0.00718886437186568	-0.00855271426610307	-0.00981486192247317	-0.0109488587718332	-0.0119361461505805	-0.0127681046004743	-0.0134469308830332	-0.0139850222316436	-0.0144028385252654	-0.0147256414541349	-0.0149798551752194	-0.0151898374053857	-0.0153756450978969	-0.0155519657935031	0	0	0	0	0	0	0	0	0	0	0	0	0	0	0	0	0	0	0	0	0	0	0	0	0	0	0	0	0	0	0	0	0	0	0	0	0	0	0	0	
-7.0498095562345e-05	-0.000487768493393909	-0.00130335169518731	-0.0024116898134264	-0.00367120954584517	-0.00496973118740379	-0.00623913158709625	-0.00743925419298051	-0.00854198233536341	-0.00952598732588139	-0.0103775280905608	-0.0110919830268578	-0.0116742837535038	-0.0121379576875479	-0.0125028668416516	-0.0127921009100949	-0.0130287531093777	-0.0132332609905863	-0.013421751848893	-0.013605435744819	0	0	0	0	0	0	0	0	0	0	0	0	0	0	0	0	0	0	0	0	0	0	0	0	0	0	0	0	0	0	0	0	0	0	0	0	0	0	0	0	
-4.89277862618394e-05	-0.000350398913725117	-0.000992305666850831	-0.00191771675493091	-0.00300151836565069	-0.00413022234605847	-0.00523249746292507	-0.00626918485800691	-0.00721629885148372	-0.00805735196599218	-0.00878285755341837	-0.00939131527206506	-0.00988928762694007	-0.0102902452737924	-0.0106123674915378	-0.0108757612304664	-0.011099756279959	-0.0113008296168975	-0.0114914635822928	-0.0116798915741691	0	0	0	0	0	0	0	0	0	0	0	0	0	0	0	0	0	0	0	0	0	0	0	0	0	0	0	0	0	0	0	0	0	0	0	0	0	0	0	0	
-2.69331431675059e-05	-0.000209325296748078	-0.00066900760651528	-0.00140003659346309	-0.00229826585966432	-0.00325130249199523	-0.00418462414265713	-0.00505936559261994	-0.00585517234983963	-0.00655999438429239	-0.00716800679983188	-0.0076799999624941	-0.00810320032025758	-0.00845006211852922	-0.00873628321354889	-0.00897847386856753	-0.00919202599128924	-0.00938959723045033	-0.00958040004543603	-0.00977019350657244	0	0	0	0	0	0	0	0	0	0	0	0	0	0	0	0	0	0	0	0	0	0	0	0	0	0	0	0	0	0	0	0	0	0	0	0	0	0	0	0	
-5.06241805556278e-06	-6.79113128197343e-05	-0.00034041828364809	-0.00086840274532957	-0.0015730325619791	-0.00234590591078853	-0.00310955074142823	-0.00382451420237768	-0.00447332978111934	-0.00504787949234181	-0.00554543569942125	-0.00596836048581091	-0.00632376292119267	-0.0066223671685525	-0.00687685902206162	-0.00710008104589572	-0.0073034922346955	-0.00749616817035997	-0.00768444103659522	-0.00787204382555299	0	0	0	0	0	0	0	0	0	0	0	0	0	0	0	0	0	0	0	0	0	0	0	0	0	0	0	0	0	0	0	0	0	0	0	0	0	0	0	0	
1.61810800185795e-05	7.07104813856663e-05	-1.3167142904096e-05	-0.000332176148286387	-0.000836771035965072	-0.0014259113847297	-0.00201978324514836	-0.0025773913276819	-0.0030831894459654	-0.00353239193711452	-0.00392486739415113	-0.00426398465289295	-0.00455616317107677	-0.00480992491423896	-0.00503464758699537	-0.00523932011695031	-0.00543158501800983	-0.00561720643359565	-0.00579998988931596	-0.00598200327039485	0	0	0	0	0	0	0	0	0	0	0	0	0	0	0	0	0	0	0	0	0	0	0	0	0	0	0	0	0	0	0	0	0	0	0	0	0	0	0	0	
3.63460109090326e-05	0.000203679108703684	0.000306506421505278	0.000199690335827675	-9.98753257989864e-05	-0.000502288277912834	-0.000926505505883789	-0.00132909824764235	-0.00169528211696772	-0.00202289855981795	-0.0023139825556872	-0.00257252022477755	-0.00280388485385779	-0.00301414629942203	-0.00320927258557782	-0.00339444857170949	-0.00357368005471588	-0.00374968154173104	-0.00392401792947384	-0.00409735352567059	0	0	0	0	0	0	0	0	0	0	0	0	0	0	0	0	0	0	0	0	0	0	0	0	0	0	0	0	0	0	0	0	0	0	0	0	0	0	0	0	
5.50371169016724e-05	0.000328429323371014	0.000612785240995964	0.000718631642560839	0.000627693285421227	0.000414677645824497	0.000160122701287025	-8.94475888313646e-05	-0.000318717259361953	-0.000527321323190019	-0.000719084131770536	-0.000898395995978415	-0.00106943505365947	-0.00123576329955074	-0.00139999692109442	-0.00156366961826431	-0.00172736115553768	-0.00189096014688103	-0.00205399881234234	-0.00221590783757189	0	0	0	0	0	0	0	0	0	0	0	0	0	0	0	0	0	0	0	0	0	0	0	0	0	0	0	0	0	0	0	0	0	0	0	0	0	0	0	0	
7.19174955941892e-05	0.000442707259322121	0.00090029697307885	0.00121643980352933	0.00133625435499716	0.00131510794466436	0.00123061012516115	0.00113262882639711	0.00103834605558029	0.000947313881340738	0.000854288150063371	0.000754538893731485	0.000645044400189597	0.000524632371154166	0.000393842543308569	0.000254563645208658	0.00010942411235831	-3.88221053421238e-05	-0.000187814319310381	-0.000335832134492853	0	0	0	0	0	0	0	0	0	0	0	0	0	0	0	0	0	0	0	0	0	0	0	0	0	0	0	0	0	0	0	0	0	0	0	0	0	0	0	0	
8.67100695613053e-05	0.000544584070610433	0.00116413996665224	0.00168524137710176	0.00201625652040606	0.00218923902175337	0.00227575625336497	0.0023286623448456	0.00236824027944232	0.00239436417882039	0.00240080637842935	0.00238246438002513	0.00233726204737482	0.00226613648479451	0.00217247723645169	0.002061315029197	0.00193825408238288	0.00180852861648002	0.00167631901023973	0.00154449824596947	0	0	0	0	0	0	0	0	0	0	0	0	0	0	0	0	0	0	0	0	0	0	0	0	0	0	0	0	0	0	0	0	0	0	0	0	0	0	0	0	
9.91996004362831e-05	0.000632469661906974	0.0013999172223907	0.00211750380675698	0.00265816668430505	0.00302715637426948	0.00328627324207743	0.00349021988249942	0.00366334425593845	0.00380711253092172	0.00391488618537914	0.0039811149455832	0.00400431508339909	0.00398712846814441	0.0039354030405194	0.0038569577754232	0.00376010032357286	0.00365241541625355	0.00353989002065736	0.00342658831167598	0	0	0	0	0	0	0	0	0	0	0	0	0	0	0	0	0	0	0	0	0	0	0	0	0	0	0	0	0	0	0	0	0	0	0	0	0	0	0	0	
0.000109234433872437	0.000705130401462229	0.00160379666181027	0.00250610574678244	0.00325243769383738	0.00381857087177036	0.0042524044067481	0.00460847736054824	0.00491568541003238	0.00517838702316811	0.0053902770570486	0.00554533825882476	0.00564227480201829	0.00568492877647299	0.00568108877266236	0.00564091936507325	0.00557515124803182	0.00549360762214845	0.00540406117010751	0.00531182142746741	0	0	0	0	0	0	0	0	0	0	0	0	0	0	0	0	0	0	0	0	0	0	0	0	0	0	0	0	0	0	0	0	0	0	0	0	0	0	0	0	
0.000116726901771959	0.000761716574121467	0.00177260924050678	0.00284446379591308	0.00378953305674827	0.00455265154403116	0.00516360594645154	0.00567385910687354	0.00611658719797461	0.00650019111099957	0.00681966961011538	0.00706873014916791	0.00724586469962356	0.00735546222857161	0.00740661790027332	0.0074113895353407	0.00738261592550818	0.00733215156456429	0.00726951044186305	0.00720136824434526	0	0	0	0	0	0	0	0	0	0	0	0	0	0	0	0	0	0	0	0	0	0	0	0	0	0	0	0	0	0	0	0	0	0	0	0	0	0	0	0	
0.000121658225499208	0.000801789416333	0.00190393324118431	0.00312667328598447	0.0042600498629869	0.00521803629573093	0.00600838111550556	0.00667569744360994	0.00725624371882219	0.00776332604727757	0.00819443494023842	0.00854340818431199	0.0088081238852272	0.00899283659407388	0.00910734572746142	0.00916505853468735	0.00918041180525728	0.00916703993280403	0.00913620383809333	0.00909602487662618	0	0	0	0	0	0	0	0	0	0	0	0	0	0	0	0	0	0	0	0	0	0	0	0	0	0	0	0	0	0	0	0	0	0	0	0	0	0	0	0	
0.000124084554300588	0.000825334040034308	0.0019961777525666	0.00334777129582666	0.00465509466184037	0.00580303325296226	0.00677410644213218	0.00760180597380026	0.00832333987878322	0.0089572108851218	0.00950448390664613	0.0099596855187866	0.0103199908635023	0.0105890649118564	0.0107766591121213	0.0108966998621316	0.0109646879693922	0.0109958638514094	0.0110030975735231	0.0109958733310157	0	0	0	0	0	0	0	0	0	0	0	0	0	0	0	0	0	0	0	0	0	0	0	0	0	0	0	0	0	0	0	0	0	0	0	0	0	0	0	0	
0.000124120607323421	0.000832770773404888	0.00204877697341037	0.00350413276320982	0.00496665449407794	0.00629573395023475	0.00744691674042225	0.00843836394346526	0.00930500508688184	0.0100696799245355	0.0107378057552508	0.011305696143962	0.0117702576142576	0.012133967549789	0.0124054872926112	0.0125986029165085	0.012729471427392	0.0128144368513643	0.0128675739781723	0.0128997564471495	0	0	0	0	0	0	0	0	0	0	0	0	0	0	0	0	0	0	0	0	0	0	0	0	0	0	0	0	0	0	0	0	0	0	0	0	0	0	0	0	
0.000121933226589254	0.000824986054284387	0.00206226745416963	0.00359351764330712	0.00518769220139262	0.006684429576008	0.00801236606028777	0.00917025154885639	0.0101864096379611	0.011086201181538	0.0118801602482374	0.0125677117456361	0.0131456305585285	0.0136145795579755	0.0139817817227808	0.0142604276746005	0.014466289955018	0.0146160444442884	0.0147247863950653	0.0148047616582628	0	0	0	0	0	0	0	0	0	0	0	0	0	0	0	0	0	0	0	0	0	0	0	0	0	0	0	0	0	0	0	0	0	0	0	0	0	0	0	0	
0.000117809673537952	0.000803335651237458	0.00203803381949426	0.00361509043504309	0.00531306658574566	0.0069589814591702	0.00845609882045597	0.00978052691576674	0.0109498591807143	0.0119898781165923	0.0129158110069498	0.0137300864835818	0.0144298246060567	0.0150148722538985	0.0154908838505295	0.0158689427844202	0.0161632909484017	0.0163908012461328	0.0165672017765666	0.0167054970403401	0	0	0	0	0	0	0	0	0	0	0	0	0	0	0	0	0	0	0	0	0	0	0	0	0	0	0	0	0	0	0	0	0	0	0	0	0	0	0	0	
0.000112096087385371	0.000769427788253788	0.00197847937352354	0.00357050595751862	0.00534077718258585	0.007110958984351	0.00876298974658582	0.0102502159453025	0.0115762146429622	0.0127627397031024	0.0138265703602761	0.0147735799717287	0.0156038554087223	0.0163169757936924	0.016915281050113	0.017406970449853	0.017804949189556	0.0181255468936502	0.0183837628231858	0.018593035313821	0	0	0	0	0	0	0	0	0	0	0	0	0	0	0	0	0	0	0	0	0	0	0	0	0	0	0	0	0	0	0	0	0	0	0	0	0	0	0	0	
0.000104918223644552	0.000724994234521269	0.00188753185563866	0.00346358565265068	0.00526990592737386	0.00713219473097829	0.00891889704406879	0.0105621361104918	0.0120464727619691	0.0133831761303274	0.0145893720729087	0.0156768765899148	0.0166481689287409	0.0175002770442956	0.0182332359201351	0.0188539739461072	0.0193725986400306	0.0198029762142761	0.0201588804446024	0.0204542707841696	0	0	0	0	0	0	0	0	0	0	0	0	0	0	0	0	0	0	0	0	0	0	0	0	0	0	0	0	0	0	0	0	0	0	0	0	0	0	0	0	
9.66735780340956e-05	0.000672747158272546	0.0017692359004655	0.00329698038529341	0.00510003530244874	0.00701922105136441	0.0089161287931902	0.0107009832983007	0.0123363855500351	0.0138239880520957	0.0151812274777342	0.0164194342291502	0.0175393060997664	0.0185394176952064	0.0194210587631301	0.0201874344706418	0.0208433404163951	0.0214008958577768	0.0218725272437035	0.0222713990374685	0	0	0	0	0	0	0	0	0	0	0	0	0	0	0	0	0	0	0	0	0	0	0	0	0	0	0	0	0	0	0	0	0	0	0	0	0	0	0	0	
8.86924782032323e-05	0.000615700892363656	0.00162585930987574	0.00307501369758067	0.00483900494624826	0.00677695687999705	0.00874686506715035	0.0106442445287087	0.0124194466678766	0.0140638890567435	0.0155807727252738	0.0169732865297004	0.0182481001575894	0.0194096286663036	0.0204547118521754	0.0213805190369309	0.0221899040275344	0.02289372377001	0.0235001325158557	0.0240208952895546	0	0	0	0	0	0	0	0	0	0	0	0	0	0	0	0	0	0	0	0	0	0	0	0	0	0	0	0	0	0	0	0	0	0	0	0	0	0	0	0	
8.0358628559336e-05	0.000552837729121434	0.00146147850706055	0.00280995185615255	0.00449698749513943	0.00640120210779318	0.00839347876912717	0.0103758616649565	0.0122863586960338	0.0140836144829953	0.0157522395793858	0.017304250785187	0.0187509584902892	0.0200867829613406	0.0213042551872368	0.0224031577299385	0.023384014273545	0.0242525438380609	0.0250118666537421	0.0256737704213665	0	0	0	0	0	0	0	0	0	0	0	0	0	0	0	0	0	0	0	0	0	0	0	0	0	0	0	0	0	0	0	0	0	0	0	0	0	0	0	0	
6.90446082141094e-05	0.00048540157079046	0.00128426183858707	0.00250405541988402	0.00406103822355968	0.00587737609065677	0.00786053107464992	0.00990888254123641	0.0119210697669942	0.0138388506853275	0.0156613415218979	0.0173938713491636	0.0190221706406807	0.0205361915635728	0.0219386519463811	0.0232278818402773	0.0243953931976744	0.025444200434263	0.0263743077212141	0.0271966479884145	0	0	0	0	0	0	0	0	0	0	0	0	0	0	0	0	0	0	0	0	0	0	0	0	0	0	0	0	0	0	0	0	0	0	0	0	0	0	0	0	
6.2543330963523e-05	0.000430057984836138	0.00108979868706917	0.00213320493411215	0.00352239427913032	0.00523454344992967	0.00718019637083988	0.00922095365440474	0.011268350835831	0.0133066952797004	0.0153068180903763	0.0172155064196531	0.0190178469477228	0.02072589598346	0.0223340150512002	0.0238247246671912	0.0251901329881429	0.0264352154066408	0.0275520846826031	0.0285517425119955	0	0	0	0	0	0	0	0	0	0	0	0	0	0	0	0	0	0	0	0	0	0	0	0	0	0	0	0	0	0	0	0	0	0	0	0	0	0	0	0	
6.72526094272094e-05	0.000377577446069349	0.000850812669215241	0.00170347637973795	0.00293471099196695	0.00450396213614682	0.0062928008570272	0.00823776944563751	0.0103411604617252	0.0125199024109393	0.0146529235543941	0.0167128681183318	0.0187145976879043	0.0206383717837977	0.0224573441262772	0.0241590920236334	0.0257377136772716	0.0271930421549106	0.0285080525638536	0.0296991027461288	0	0	0	0	0	0	0	0	0	0	0	0	0	0	0	0	0	0	0	0	0	0	0	0	0	0	0	0	0	0	0	0	0	0	0	0	0	0	0	0	
4.61013502054489e-05	0.000264704354887733	0.000569438965549867	0.00126949613151895	0.00228112760702559	0.0035424137820524	0.00510190436788187	0.00703850310746178	0.00921237677470366	0.0114169245261442	0.0136313150874678	0.0158820122205731	0.0181062956806084	0.0202399934324642	0.0222742185573767	0.0242040963049181	0.0260100492643422	0.0276840257815899	0.0292057460600417	0.0305989128435854	0	0	0	0	0	0	0	0	0	0	0	0	0	0	0	0	0	0	0	0	0	0	0	0	0	0	0	0	0	0	0	0	0	0	0	0	0	0	0	0	
7.12206061918615e-06	0.000174505604455943	0.000307239847969343	0.000722240493441892	0.00129633565226173	0.00224009628972008	0.00378959522832453	0.00571677592813546	0.00773298316393426	0.0099078347371462	0.0122955928961391	0.014743195797225	0.017144573681787	0.0194964803315657	0.021775803316348	0.0239397955060947	0.0259763582274753	0.0278768479538962	0.0296080962515426	0.0312088064493982	0	0	0	0	0	0	0	0	0	0	0	0	0	0	0	0	0	0	0	0	0	0	0	0	0	0	0	0	0	0	0	0	0	0	0	0	0	0	0	0	
0.000102541653301929	0.000328595042037685	-3.08608374935115e-05	-0.00026225393867213	-4.8018244578831e-05	0.00096224265430707	0.00241346560813272	0.00392116993213819	0.00578588201926056	0.00813774010431621	0.010675299758625	0.013230879553059	0.015817634680067	0.0184097135602251	0.0209399141033456	0.0233486710227268	0.0256202357122765	0.0277458374531703	0.0296817916619523	0.0314897308525896	0	0	0	0	0	0	0	0	0	0	0	0	0	0	0	0	0	0	0	0	0	0	0	0	0	0	0	0	0	0	0	0	0	0	0	0	0	0	0	0	
0.000180751623318842	0.000209166677130133	-0.000914796990456943	-0.00150843404512973	-0.00108253091483257	-0.000332267218715315	0.000285515016149311	0.00154054113120531	0.00368185859388753	0.00612030212822676	0.00864129553690526	0.011346745712726	0.0141719999132239	0.0169826537375409	0.0197360075086075	0.022411515235372	0.0249492349028717	0.0272934045876978	0.0294220285806775	0.0314151333189869	0	0	0	0	0	0	0	0	0	0	0	0	0	0	0	0	0	0	0	0	0	0	0	0	0	0	0	0	0	0	0	0	0	0	0	0	0	0	0	0	
-0.000266257243805997	-0.000981032778554555	-0.00226518571235034	-0.00225606568009922	-0.00226470869823297	-0.00299069957922333	-0.0026418153573483	-0.00080206439347452	0.00135900827491347	0.00361743172437424	0.00626466560782188	0.00919058231200293	0.0121973790802663	0.0152192548646545	0.0182009281882105	0.0211143610227831	0.023942226469727	0.0265453214025278	0.0288559785829637	0.0309759014818033	0	0	0	0	0	0	0	0	0	0	0	0	0	0	0	0	0	0	0	0	0	0	0	0	0	0	0	0	0	0	0	0	0	0	0	0	0	0	0	0	
-0.000278976599455194	-0.000507211558965966	-0.00199084653582047	-0.00356748784038806	-0.00613923408739132	-0.00692155069557456	-0.00524018638809746	-0.00339517195701225	-0.00159578064118794	0.000840809683071088	0.00374611819434163	0.0068056156801552	0.00996016983211612	0.0131906634448	0.0164154888990898	0.0195445270383472	0.0225974056946161	0.02551685652588	0.0281136770961521	0.0304083518084068	0	0	0	0	0	0	0	0	0	0	0	0	0	0	0	0	0	0	0	0	0	0	0	0	0	0	0	0	0	0	0	0	0	0	0	0	0	0	0	0	
0.00167127974481568	0.0046929629122088	-0.000240205813272804	-0.00807222706511111	-0.0110542629414797	-0.00907122914736089	-0.0073847972388007	-0.00617711429935437	-0.004005881392722	-0.00115840718267701	0.00187814224968056	0.00508182380890487	0.00844281858822533	0.0118649211472247	0.0152986189235823	0.0186993140805901	0.0219726598777634	0.0251584715712896	0.0282989701973344	0.0311423319568335	0	0	0	0	0	0	0	0	0	0	0	0	0	0	0	0	0	0	0	0	0	0	0	0	0	0	0	0	0	0	0	0	0	0	0	0	0	0	0	0	
0.00143969751978409	0.00206198932145283	-0.00696107286974828	-0.0122544069818908	-0.00885041455868864	-0.0065981903809847	-0.00569791781286728	-0.00361345310057023	-0.000735078799937901	0.00228373001537207	0.00546523981113736	0.00885004100369212	0.0123614343873895	0.0159242624298713	0.0194829656907264	0.0230595851369087	0.0266156526201254	0.029996579672207	0.0335453822668692	0.0372174052399877	0	0	0	0	0	0	0	0	0	0	0	0	0	0	0	0	0	0	0	0	0	0	0	0	0	0	0	0	0	0	0	0	0	0	0	0	0	0	0	0	
-0.00522817547181494	-0.0157367052359484	-0.0167266340101584	-0.00380502365835992	0.00450526498575197	0.0080025706969583	0.0118703045074256	0.0162321687104539	0.0201023247548208	0.0236311625790825	0.027124838154151	0.0305925220799428	0.0339973582861093	0.0373613515720538	0.040692485460012	0.0439553038790534	0.0472093444024801	0.0504527791313549	0.0535501043464323	0.0571842209695886	0	0	0	0	0	0	0	0	0	0	0	0	0	0	0	0	0	0	0	0	0	0	0	0	0	0	0	0	0	0	0	0	0	0	0	0	0	0	0	0	
0.00253297529140317	0.0306607320370176	0.0531240732473453	0.0615950441497473	0.0636897000150587	0.0674082616062495	0.0711646662591102	0.0738470423418125	0.0760549646553297	0.078110498136112	0.0799844907148862	0.0817080600200756	0.0833456528472085	0.0849178390590797	0.0864461073765369	0.0879364793752979	0.0893262259397134	0.0907998062893468	0.0923609668392664	0.0930717242694824	0	0	0	0	0	0	0	0	0	0	0	0	0	0	0	0	0	0	0	0	0	0	0	0	0	0	0	0	0	0	0	0	0	0	0	0	0	0	0	0	
