3.11631571560109e-06	3.14924997272794e-05	7.3586477974375e-05	0.000115988134468298	0.00015204107495016	0.000175326196612681	0.000182241817114664	0.000171515116851844	0.000142751629254815	9.57674015334275e-05	3.01620962521912e-05	-5.52160683833022e-05	-0.000162137653136627	-0.000291811663150469	-0.000446280484305276	-0.000630660403596101	-0.000842371119470411	-0.00107081742268173	-0.00134324274217383	-0.0016700539327972	0	0	0	0	0	0	0	0	0	0	0	0	0	0	0	0	0	0	0	0	0	0	0	0	0	0	0	0	0	0	0	0	0	0	0	0	0	0	0	0	
1.17266983367689e-05	7.59731638301666e-05	0.000178397637543623	0.00028343308275772	0.000365791546506646	0.000409948832187857	0.000406424552372347	0.000350746842679964	0.000241437449849934	7.76101058287967e-05	-0.000142554050024674	-0.000422025308964044	-0.000764472198712297	-0.00117529963249343	-0.00166021109047651	-0.00221747864859328	-0.00284682443320919	-0.00356380524559293	-0.00433887684910792	-0.00510160718957038	0	0	0	0	0	0	0	0	0	0	0	0	0	0	0	0	0	0	0	0	0	0	0	0	0	0	0	0	0	0	0	0	0	0	0	0	0	0	0	0	
1.2278620766255e-05	8.6705629664073e-05	0.000207310111333588	0.000324341609352214	0.000400521747589288	0.000412752334278326	0.000348020423437717	0.000199319435804749	-3.69764330503712e-05	-0.000363564481172621	-0.000783828460300674	-0.00130211193721306	-0.00192416641023823	-0.00265560957014655	-0.00349666057119909	-0.00444562700653999	-0.00550470168399281	-0.00665330496090148	-0.00784670020727861	-0.00908001362273994	0	0	0	0	0	0	0	0	0	0	0	0	0	0	0	0	0	0	0	0	0	0	0	0	0	0	0	0	0	0	0	0	0	0	0	0	0	0	0	0	
1.11759440263421e-05	7.57945185511948e-05	0.00017356789689824	0.00025083332660982	0.000266608406168886	0.000194514270626911	1.87846967589212e-05	-0.000269908284718722	-0.000677896597865738	-0.00121039312504932	-0.00187252577459375	-0.00267002292752529	-0.00360769471969102	-0.00468573318013387	-0.00590098135952739	-0.00724802445966857	-0.00870552025857727	-0.0102374879918249	-0.0118199551377518	-0.0134314005015193	0	0	0	0	0	0	0	0	0	0	0	0	0	0	0	0	0	0	0	0	0	0	0	0	0	0	0	0	0	0	0	0	0	0	0	0	0	0	0	0	
6.58990559055065e-06	4.39059594318448e-05	8.75714145494534e-05	8.47225616839624e-05	-3.67467593234915e-06	-0.000203628796086642	-0.000532394684729072	-0.00100144959121079	-0.00161929820225536	-0.00239319268482553	-0.00332968495717773	-0.00443337823422849	-0.00570426433703016	-0.00713760138008845	-0.00872323708757283	-0.0104379452025947	-0.0122474343040328	-0.0141217244921915	-0.0160281934227937	-0.0179252600163758	0	0	0	0	0	0	0	0	0	0	0	0	0	0	0	0	0	0	0	0	0	0	0	0	0	0	0	0	0	0	0	0	0	0	0	0	0	0	0	0	
-1.09679310746473e-06	-7.73731691437175e-06	-4.55212239637457e-05	-0.000161450694920163	-0.000389923601218881	-0.000754180535711857	-0.00127112405687934	-0.00195349263955004	-0.00281134810168032	-0.00385294628029793	-0.00508382458886112	-0.00650444959122	-0.00810914112726205	-0.00988476368847726	-0.0118064500904851	-0.0138392486621104	-0.0159469885315572	-0.0180908028605634	-0.0202268628676009	-0.022317670875028	0	0	0	0	0	0	0	0	0	0	0	0	0	0	0	0	0	0	0	0	0	0	0	0	0	0	0	0	0	0	0	0	0	0	0	0	0	0	0	0	
-1.13254223506037e-05	-7.67662995808265e-05	-0.000220465615553466	-0.000477634672026343	-0.00087514194326017	-0.00143215992070823	-0.00216399032888583	-0.00308345639171007	-0.00420109879456259	-0.00552407765414645	-0.00705414395915815	-0.00878592929039564	-0.0107050550998217	-0.0127854869039039	-0.014991103528957	-0.0172815747604976	-0.0196132089242061	-0.0219394727891449	-0.0242188115776522	-0.026417214729805	0	0	0	0	0	0	0	0	0	0	0	0	0	0	0	0	0	0	0	0	0	0	0	0	0	0	0	0	0	0	0	0	0	0	0	0	0	0	0	0	
-2.39756091349669e-05	-0.000161500212122785	-0.000432241797278031	-0.000853996143691674	-0.0014428344231183	-0.0022126346507502	-0.00317657025439363	-0.004346518762827	-0.00573151418976704	-0.00733525964126009	-0.00915373717754715	-0.0111729396522848	-0.0133668129957825	-0.0156984764038974	-0.0181246809717846	-0.0205982290535986	-0.0230704400558236	-0.0254973137990626	-0.0278417771009798	-0.0300728080514138	0	0	0	0	0	0	0	0	0	0	0	0	0	0	0	0	0	0	0	0	0	0	0	0	0	0	0	0	0	0	0	0	0	0	0	0	0	0	0	0	
-3.88411597079786e-05	-0.000260131717772845	-0.000675201991908705	-0.00127897802714759	-0.0020740848372844	-0.00306803201413994	-0.00427130429763789	-0.00569366547262564	-0.00734065816674975	-0.00921042259485012	-0.0112907087959715	-0.0135567024252212	-0.0159717605763111	-0.0184910007667918	-0.0210646633243119	-0.0236418232176238	-0.0261759340220837	-0.0286277601281096	-0.0309651085589786	-0.0331636760056164	0	0	0	0	0	0	0	0	0	0	0	0	0	0	0	0	0	0	0	0	0	0	0	0	0	0	0	0	0	0	0	0	0	0	0	0	0	0	0	0	
-5.55122948810096e-05	-0.000369937714512232	-0.000942051986834784	-0.00173863029296946	-0.00274688936480167	-0.00396737043082746	-0.00540706676799044	-0.00707232806176837	-0.00896352013554318	-0.0110710357369189	-0.013372578342175	-0.0158330336834939	-0.0184072295398741	-0.0210437564863881	-0.0236895123151918	-0.0262951131056824	-0.0288183031978292	-0.0312247469492999	-0.0334888252417489	-0.0355932209596715	0	0	0	0	0	0	0	0	0	0	0	0	0	0	0	0	0	0	0	0	0	0	0	0	0	0	0	0	0	0	0	0	0	0	0	0	0	0	0	0	
-7.34404415922315e-05	-0.000487217292881104	-0.0012235210572955	-0.00221651240240604	-0.00343655715579622	-0.00487689116038184	-0.00654030217581496	-0.00842841078017528	-0.0105346758368344	-0.012840272123577	-0.0153129179651149	-0.0179086551448959	-0.0205755384007456	-0.0232586192392593	-0.0259055317249955	-0.0284704374149676	-0.0309156480355515	-0.0332125150407415	-0.0353416094079817	-0.0372910980041054	0	0	0	0	0	0	0	0	0	0	0	0	0	0	0	0	0	0	0	0	0	0	0	0	0	0	0	0	0	0	0	0	0	0	0	0	0	0	0	0	
-9.19364813398418e-05	-0.000607435159114048	-0.00150873123662007	-0.00269425174825891	-0.00411666274750872	-0.0057616743412644	-0.00762721276755967	-0.00970888029016489	-0.0119919585745472	-0.0144482344619143	-0.0170364748857558	-0.0197055606062604	-0.0223994797181819	-0.0250631021474919	-0.0276467518187991	-0.0301086655599196	-0.0324162300437376	-0.0345462711176506	-0.0364845483873777	-0.0382244712468162	0	0	0	0	0	0	0	0	0	0	0	0	0	0	0	0	0	0	0	0	0	0	0	0	0	0	0	0	0	0	0	0	0	0	0	0	0	0	0	0	
-0.000110192500676993	-0.000725447147124733	-0.00178584074461312	-0.00315260996280116	-0.00476052145438439	-0.00658759667261371	-0.00862616009008614	-0.0108648467511688	-0.0132804211730041	-0.0158359285384559	-0.0184826791702006	-0.0211648083595121	-0.0238251198550158	-0.0264102710077615	-0.028874121047904	-0.0311795570003369	-0.033299170312014	-0.0352150372481905	-0.0369184360630709	-0.0384089791363582	0	0	0	0	0	0	0	0	0	0	0	0	0	0	0	0	0	0	0	0	0	0	0	0	0	0	0	0	0	0	0	0	0	0	0	0	0	0	0	0	
-0.000127344490296812	-0.000835839885202849	-0.00204280849736204	-0.00357274625723682	-0.00534285017704516	-0.00732325499698742	-0.00950004954467294	-0.0118545215404291	-0.0143552865997994	-0.0169578493139078	-0.0196081497940881	-0.0222481445619558	-0.0248214707653664	-0.0272777187513849	-0.0295750576503458	-0.0316814962966173	-0.0335751755836624	-0.0352443023949255	-0.0366869777970445	-0.0379102043398068	0	0	0	0	0	0	0	0	0	0	0	0	0	0	0	0	0	0	0	0	0	0	0	0	0	0	0	0	0	0	0	0	0	0	0	0	0	0	0	0	
-0.00014253679399147	-0.000933323798637261	-0.00226822416815903	-0.00393741603940677	-0.005841239751514	-0.00794172677099383	-0.010218380778748	-0.0126452621527713	-0.0151837314604646	-0.017783506356975	-0.0203874359496379	-0.0229373390491709	-0.0253790996992041	-0.0276662425161827	-0.0297619842396735	-0.0316401522621334	-0.0332855535734001	-0.0346939919463612	-0.0358716435051996	-0.0368335322726562	0	0	0	0	0	0	0	0	0	0	0	0	0	0	0	0	0	0	0	0	0	0	0	0	0	0	0	0	0	0	0	0	0	0	0	0	0	0	0	0	
-0.000154984621765	-0.0010131175582604	-0.00245206304199991	-0.00423196147238061	-0.00623733272102457	-0.00842192193260583	-0.0107585634624325	-0.0132146501595652	-0.0157456690322013	-0.0182975449080723	-0.0208120495414805	-0.0232324657959139	-0.0255081312098699	-0.0275974373031317	-0.0294695215828095	-0.0311051853289035	-0.032497285361837	-0.0336503554933712	-0.0345791395285187	-0.0353062984011277	0	0	0	0	0	0	0	0	0	0	0	0	0	0	0	0	0	0	0	0	0	0	0	0	0	0	0	0	0	0	0	0	0	0	0	0	0	0	0	0	
-0.000164032534585126	-0.00107127103138561	-0.00258626386707945	-0.00444503902927171	-0.00651762013535743	-0.00874931851868087	-0.011106461737559	-0.0135507425483513	-0.0160334359532468	-0.0184985752506183	-0.0208885651324496	-0.0231495237775054	-0.0252353098090823	-0.0271101242358919	-0.0287501056033039	-0.0301442205104807	-0.0312942887430946	-0.0322138244039138	-0.0329255600466863	-0.0334583653520652	0	0	0	0	0	0	0	0	0	0	0	0	0	0	0	0	0	0	0	0	0	0	0	0	0	0	0	0	0	0	0	0	0	0	0	0	0	0	0	0	
-0.00016919671981819	-0.00110489451287731	-0.00266511016826514	-0.00456903512087492	-0.00667377413146672	-0.00891611332299815	-0.0112562804531161	-0.0136515016025064	-0.0160505358235093	-0.018397242934854	-0.0206361419788806	-0.0227173591195077	-0.0246002389399193	-0.0262557516851724	-0.0276680040580289	-0.0288348069363173	-0.0297669819318816	-0.0304862279960183	-0.0310216947635351	-0.0314063128283682	0	0	0	0	0	0	0	0	0	0	0	0	0	0	0	0	0	0	0	0	0	0	0	0	0	0	0	0	0	0	0	0	0	0	0	0	0	0	0	0	
-0.000170188983807133	-0.00111228905635193	-0.00268540418673713	-0.00460015082873226	-0.00670255725293692	-0.00892089426289345	-0.011209865165654	-0.0135235535735752	-0.0158098159508781	-0.0180138650562957	-0.0200835881771223	-0.0219741036153881	-0.0236510933317796	-0.0250930571414117	-0.0262925408010877	-0.027256083006323	-0.0280026037150667	-0.0285603038234602	-0.0289625449778827	-0.029243910929847	0	0	0	0	0	0	0	0	0	0	0	0	0	0	0	0	0	0	0	0	0	0	0	0	0	0	0	0	0	0	0	0	0	0	0	0	0	0	0	0	
-0.000166924859769384	-0.00109297547535338	-0.00264643357258151	-0.00453820618914641	-0.00660540457107973	-0.00876791763772248	-0.0109755558348916	-0.0131805575869705	-0.015331352900036	-0.0173758123318037	-0.0192662123043916	-0.0209634520730387	-0.0224401567824714	-0.0236826672498382	-0.0246917557647683	-0.0254817623067113	-0.0260780409837082	-0.0265130876646972	-0.0268220824902414	-0.0270390171234001	0	0	0	0	0	0	0	0	0	0	0	0	0	0	0	0	0	0	0	0	0	0	0	0	0	0	0	0	0	0	0	0	0	0	0	0	0	0	0	0	
-0.000159514789829883	-0.00104762659080628	-0.00254976952481159	-0.00438624052686913	-0.00638776254760718	-0.00846610934562889	-0.0105667983482014	-0.0126414094213969	-0.0146402328377559	-0.0165148614511429	-0.0182227448279328	-0.0197310889339385	-0.0210196755651366	-0.0220824333018221	-0.0229274776756776	-0.0235753874258795	-0.0240558532308171	-0.0244033396600872	-0.0246526455248098	-0.0248353801673873	0	0	0	0	0	0	0	0	0	0	0	0	0	0	0	0	0	0	0	0	0	0	0	0	0	0	0	0	0	0	0	0	0	0	0	0	0	0	0	0	
-0.000148240770408471	-0.000977926062512277	-0.00239895046162767	-0.00414997725899605	-0.00605827862884434	-0.00802793884356934	-0.0100006854810776	-0.0119284394430189	-0.0137644120545003	-0.0154647390479315	-0.0169925632017318	-0.0183215855461805	-0.0194385047386918	-0.0203440451185829	-0.0210522615986902	-0.0215880494130811	-0.0219832508167001	-0.0222721818821908	-0.022487503817134	-0.0226572426952915	0	0	0	0	0	0	0	0	0	0	0	0	0	0	0	0	0	0	0	0	0	0	0	0	0	0	0	0	0	0	0	0	0	0	0	0	0	0	0	0	
-0.000133524676829626	-0.000886382588519756	-0.00219909826393799	-0.00383722138950296	-0.00562794492453125	-0.00746828979658048	-0.00929655162588906	-0.0110657444805903	-0.0127328172197142	-0.0142590189115351	-0.0156134147305996	-0.0167760296432074	-0.0177398191445861	-0.018511095718284	-0.0191081514172232	-0.0195581999705148	-0.0198932372761962	-0.0201457272982956	-0.0203449866741174	-0.0205148428059989	0	0	0	0	0	0	0	0	0	0	0	0	0	0	0	0	0	0	0	0	0	0	0	0	0	0	0	0	0	0	0	0	0	0	0	0	0	0	0	0	
-0.000115892707976914	-0.000776122336332395	-0.00195650999700324	-0.00345725650616737	-0.00510928018418026	-0.00680341605149557	-0.00847471938502324	-0.0100777619320475	-0.011573788598065	-0.0129294798129714	-0.0141197655361809	-0.0151305009539415	-0.0159599167796721	-0.0166184636950089	-0.0171268968043092	-0.017512899888038	-0.0178069808175956	-0.0180385418051157	-0.0182328843385742	-0.0184095119586129	0	0	0	0	0	0	0	0	0	0	0	0	0	0	0	0	0	0	0	0	0	0	0	0	0	0	0	0	0	0	0	0	0	0	0	0	0	0	0	0	
-9.59388893762785e-05	-0.000650679657741237	-0.00167826436593626	-0.00302029289699776	-0.00451560774254877	-0.00605004739915735	-0.00755546656007446	-0.00898814708057909	-0.0103139192567356	-0.0115049750175341	-0.0125418043052446	-0.0134153547021834	-0.014127961389972	-0.0146926979475982	-0.0151311192645598	-0.0154698220272477	-0.0157366082399089	-0.0159570853200726	-0.016152316619615	-0.0163377094560728	0	0	0	0	0	0	0	0	0	0	0	0	0	0	0	0	0	0	0	0	0	0	0	0	0	0	0	0	0	0	0	0	0	0	0	0	0	0	0	0	
-7.42909828160817e-05	-0.000513804258402326	-0.00137187169668842	-0.00253699933498764	-0.00386046697998626	-0.00522468554854674	-0.00655824639831773	-0.00781897409936145	-0.0089772998861361	-0.0100108005352197	-0.0109050385376307	-0.0116551720207812	-0.0122664160394795	-0.0127530331322878	-0.013135945607052	-0.01343945885972	-0.0136878638073172	-0.0139026387454719	-0.0141007111682312	-0.0142938316677743	0	0	0	0	0	0	0	0	0	0	0	0	0	0	0	0	0	0	0	0	0	0	0	0	0	0	0	0	0	0	0	0	0	0	0	0	0	0	0	0	
-5.15814101623196e-05	-0.000369296907735399	-0.00104498365733331	-0.00201813592238584	-0.00315717754497212	-0.0043431052112811	-0.00550116443150665	-0.00659025029202898	-0.00758513869228919	-0.00846849662224851	-0.00923036530960577	-0.00986918998256256	-0.0103919020425392	-0.0108127022649853	-0.0111507383784059	-0.0114271725846072	-0.0116623321302447	-0.0118735270287658	-0.0120738522858881	-0.0122719320167953	0	0	0	0	0	0	0	0	0	0	0	0	0	0	0	0	0	0	0	0	0	0	0	0	0	0	0	0	0	0	0	0	0	0	0	0	0	0	0	0	
-2.84241262553435e-05	-0.000220878680586183	-0.000705168903079125	-0.00147429259407986	-0.00241855773065718	-0.00342005471681333	-0.00440069462769985	-0.00531970890705623	-0.00615569640257487	-0.00689598810449829	-0.00753447832386777	-0.00807202425737088	-0.00851625486172171	-0.00888029834684437	-0.00918068770157556	-0.00943490277298485	-0.00965912602131604	-0.00986665076161008	-0.0100671371547285	-0.0102666136485484	0	0	0	0	0	0	0	0	0	0	0	0	0	0	0	0	0	0	0	0	0	0	0	0	0	0	0	0	0	0	0	0	0	0	0	0	0	0	0	0	
-5.3973904904049e-06	-7.2093808483322e-05	-0.000359752753799414	-0.000915726324268419	-0.00165678441210265	-0.00246913704408	-0.00327160380036396	-0.0040228303107153	-0.00470446215872729	-0.00530796189684465	-0.0058304802716576	-0.00627452856416964	-0.00664761054378064	-0.00696103061050651	-0.00722814914678236	-0.00746248003877248	-0.00767606849835592	-0.0078784433596769	-0.00807624177352704	-0.00827336930911793	0	0	0	0	0	0	0	0	0	0	0	0	0	0	0	0	0	0	0	0	0	0	0	0	0	0	0	0	0	0	0	0	0	0	0	0	0	0	0	0	
1.69680604057764e-05	7.375727976929e-05	-1.57123008112696e-05	-0.000352281582772317	-0.000883373093363549	-0.0015028435840922	-0.00212704518776792	-0.00271303541281782	-0.00324449544450569	-0.00371638909407931	-0.00412859355911292	-0.00448467833408735	-0.00479141979419483	-0.00505780173428292	-0.00529370090715007	-0.00550857653469024	-0.00571046114084368	-0.00590540528236608	-0.00609739603473818	-0.0062885968929214	0	0	0	0	0	0	0	0	0	0	0	0	0	0	0	0	0	0	0	0	0	0	0	0	0	0	0	0	0	0	0	0	0	0	0	0	0	0	0	0	
3.81964267077696e-05	0.000213660618234541	0.000320385637723181	0.000206626356024903	-0.000109250541652934	-0.000532707168127653	-0.000978779848673379	-0.00140199860442484	-0.00178686877954348	-0.00213111645973086	-0.0024368908920946	-0.0027084080566279	-0.00295134147625439	-0.00317209176127443	-0.00337694608619954	-0.00357136270161286	-0.00375955144226098	-0.0039443605900562	-0.00412742900023045	-0.00430945396677379	0	0	0	0	0	0	0	0	0	0	0	0	0	0	0	0	0	0	0	0	0	0	0	0	0	0	0	0	0	0	0	0	0	0	0	0	0	0	0	0	
5.78711473699851e-05	0.000344914099839909	0.000642418497259945	0.000751989958988983	0.000655112724472736	0.000430460688889259	0.000162510611116799	-0.000100037015502653	-0.000341158119443618	-0.000560469665514185	-0.00076199496611124	-0.000950369442235074	-0.00113000675007431	-0.00130466718715957	-0.00147711014032994	-0.00164895362101134	-0.00182080653550782	-0.00199255190499096	-0.0021636995297439	-0.00233365779401071	0	0	0	0	0	0	0	0	0	0	0	0	0	0	0	0	0	0	0	0	0	0	0	0	0	0	0	0	0	0	0	0	0	0	0	0	0	0	0	0	
7.56372204560898e-05	0.000465143673224023	0.000944731480588214	0.00127517670980224	0.00139954240252378	0.00137627984945014	0.0012868510684665	0.00118346050079525	0.00108406079404342	0.000988168945050995	0.000890276087346159	0.000785397224103943	0.000670337540859259	0.000543851974321762	0.000406503558736709	0.000260273696536203	0.000107923699334138	-4.76574419454737e-05	-0.000203995357689422	-0.000359295544894257	0	0	0	0	0	0	0	0	0	0	0	0	0	0	0	0	0	0	0	0	0	0	0	0	0	0	0	0	0	0	0	0	0	0	0	0	0	0	0	0	
9.12027685292528e-05	0.000572317585500056	0.00122216478236195	0.00176790569865238	0.00211400116724181	0.00229449381024847	0.00238457472382813	0.00243959330441962	0.0024807302377805	0.00250782227104142	0.00251432926854691	0.00249488257476878	0.00244728662500074	0.00237251836259156	0.00227414022868996	0.00215743490789953	0.00202829023831924	0.00189220014533257	0.00175354660597703	0.0016153261230501	0	0	0	0	0	0	0	0	0	0	0	0	0	0	0	0	0	0	0	0	0	0	0	0	0	0	0	0	0	0	0	0	0	0	0	0	0	0	0	0	
0.000104341109124377	0.00066476101209027	0.00147008994836563	0.00222225418506921	0.00278847048150986	0.00317468796241824	0.00344592511370115	0.00365950184587493	0.00384084498618001	0.00399143664403312	0.00410430073315898	0.00417360847553841	0.0041977963973166	0.00417963561829511	0.00412527174348838	0.0040429187501966	0.00394131025298621	0.00382840637018062	0.00371047989964676	0.00359177437163079	0	0	0	0	0	0	0	0	0	0	0	0	0	0	0	0	0	0	0	0	0	0	0	0	0	0	0	0	0	0	0	0	0	0	0	0	0	0	0	0	
0.00011489236331348	0.000741173938755106	0.00168447209558809	0.00263072904416913	0.00341291383462349	0.00400605517846787	0.00446065945106404	0.00483392134871613	0.00515603012180219	0.00543147634039667	0.00565362656258591	0.00581617091892319	0.00591774882155046	0.005962391667313	0.00595828915451592	0.00591612662410683	0.00584718404296671	0.00576176407352532	0.00566801570384352	0.00557149325576045	0	0	0	0	0	0	0	0	0	0	0	0	0	0	0	0	0	0	0	0	0	0	0	0	0	0	0	0	0	0	0	0	0	0	0	0	0	0	0	0	
0.000122764050337617	0.000800659532938721	0.0018619720492128	0.00298640147683646	0.00397730748361386	0.00477722331092639	0.0054177105612509	0.00595279423381032	0.006417166868683	0.00681954257529566	0.00715463922257455	0.00741585235712887	0.00760160182543602	0.00771650617760834	0.00777013883849515	0.00777516663959802	0.00774507886434801	0.00769231714275654	0.00762686742937059	0.00755570988684726	0	0	0	0	0	0	0	0	0	0	0	0	0	0	0	0	0	0	0	0	0	0	0	0	0	0	0	0	0	0	0	0	0	0	0	0	0	0	0	0	
0.000127936321314352	0.000842754125817073	0.00200003949815817	0.00328306024681754	0.00447176956414293	0.00547625519889496	0.00630499944696027	0.00700491595683598	0.00761396441619793	0.00814598559570024	0.00859827781339454	0.00896436574382053	0.00924204568777776	0.00943580896003975	0.00955595562769694	0.00961655942496626	0.00963280879231539	0.00961902054329509	0.0095870054722	0.0095452558768388	0	0	0	0	0	0	0	0	0	0	0	0	0	0	0	0	0	0	0	0	0	0	0	0	0	0	0	0	0	0	0	0	0	0	0	0	0	0	0	0	
0.000130467266992486	0.000867438813795916	0.00209699864202107	0.00351547733699431	0.00488693522886887	0.00609085414499996	0.00710927401542448	0.00797751191083588	0.00873455603276756	0.00939968250027395	0.0099739251000645	0.0104515423448847	0.0108295924493156	0.0111119229877846	0.0113087824213354	0.0114348205590631	0.0115063555692185	0.0115393579508665	0.0115473311007347	0.0115402219570201	0	0	0	0	0	0	0	0	0	0	0	0	0	0	0	0	0	0	0	0	0	0	0	0	0	0	0	0	0	0	0	0	0	0	0	0	0	0	0	0	
0.000130476334083434	0.000875148302800983	0.00215224128689878	0.00367981833230642	0.00521436573786065	0.00660852036106636	0.00781600263017204	0.00885607735417852	0.00976539689157143	0.0105678317219937	0.0112689893498841	0.0118649601812937	0.0123524662107409	0.0127341269492222	0.0130191061131999	0.0132218945320316	0.0133594566210436	0.0134489254707633	0.0135051155547363	0.0135394205662377	0	0	0	0	0	0	0	0	0	0	0	0	0	0	0	0	0	0	0	0	0	0	0	0	0	0	0	0	0	0	0	0	0	0	0	0	0	0	0	0	
0.00012813921620144	0.000866808727841538	0.00216632396713041	0.00377373139338435	0.00544669123804567	0.00701696464284468	0.00840997663309231	0.00962468249403175	0.0106909131573051	0.0116352362163065	0.0124685599151317	0.0131901557532337	0.0137966509479403	0.0142888420001506	0.0146743337743428	0.0149669144340471	0.0151831962567948	0.0153407061310527	0.015455312362614	0.0155398097018978	0	0	0	0	0	0	0	0	0	0	0	0	0	0	0	0	0	0	0	0	0	0	0	0	0	0	0	0	0	0	0	0	0	0	0	0	0	0	0	0	
0.000123753856762154	0.000843835039712665	0.00214071329126405	0.00379634892225602	0.00557847053003681	0.00730544176133273	0.00887605250522084	0.0102655876323637	0.0114926498535479	0.0125841810835204	0.0135559923477086	0.0144106283719305	0.0151451365014893	0.0157593116720664	0.0162590163602643	0.0166559445455694	0.0169651879902876	0.0172043739447997	0.0173900099693224	0.0175357414147768	0	0	0	0	0	0	0	0	0	0	0	0	0	0	0	0	0	0	0	0	0	0	0	0	0	0	0	0	0	0	0	0	0	0	0	0	0	0	0	0	
0.000117675701864169	0.000807895634465235	0.00207791117879086	0.00374932325542446	0.00560747253114636	0.00746507536706255	0.00919849418791292	0.0107590067809495	0.0121504272252982	0.0133955851419833	0.0145121764911255	0.0155063780905881	0.0163780467270109	0.0171266125859923	0.0177547089515592	0.0182710620556168	0.0186891790817182	0.0190260662860933	0.0192976136376062	0.0195179081231528	0	0	0	0	0	0	0	0	0	0	0	0	0	0	0	0	0	0	0	0	0	0	0	0	0	0	0	0	0	0	0	0	0	0	0	0	0	0	0	0	
0.000110043231682955	0.000760797880427189	0.00198198711811033	0.00363662995614567	0.00553287192681051	0.00748751333246295	0.00936246585985096	0.0110866005920475	0.0126440062234207	0.0140469122312769	0.0153132709850283	0.0164549948970386	0.0174745213574146	0.0183690795061256	0.0191388031457791	0.0197907178172738	0.0203354558250434	0.0207876304732041	0.021161846390477	0.0214725842059666	0	0	0	0	0	0	0	0	0	0	0	0	0	0	0	0	0	0	0	0	0	0	0	0	0	0	0	0	0	0	0	0	0	0	0	0	0	0	0	0	
0.000101267534149444	0.000705338285222393	0.00185722090892267	0.00346126398486559	0.00535439541670862	0.0073688623689648	0.00935931852141803	0.0112320826790285	0.0129484743676488	0.014510139042457	0.0159347918776859	0.0172343545577802	0.0184101043149485	0.0194604817908868	0.0203863215415568	0.0211910276124476	0.0218800356197493	0.0224658952152028	0.0229616640030347	0.0233810555927951	0	0	0	0	0	0	0	0	0	0	0	0	0	0	0	0	0	0	0	0	0	0	0	0	0	0	0	0	0	0	0	0	0	0	0	0	0	0	0	0	
9.26834527119717e-05	0.00064458808369594	0.00170607050764656	0.00322764124358914	0.00507959951486086	0.00711364156014895	0.0091811172249884	0.0111728708302206	0.0130363775075477	0.0147619546304614	0.0163536154224228	0.0178157409557813	0.0191547752485335	0.0203744134488449	0.0214716315588451	0.0224440282366315	0.0232944599089909	0.0240338795932372	0.024671212271727	0.0252186951366904	0	0	0	0	0	0	0	0	0	0	0	0	0	0	0	0	0	0	0	0	0	0	0	0	0	0	0	0	0	0	0	0	0	0	0	0	0	0	0	0	
8.36789806391912e-05	0.000577578856682913	0.00153261351670909	0.00294796522017029	0.00471901214419166	0.00671854421994861	0.00881076891564373	0.0108917871656482	0.0128959097348257	0.0147815259100011	0.016533876595707	0.0181640356922074	0.0196826800570148	0.0210850275430211	0.0223638658777616	0.0235183571485204	0.0245487448166997	0.0254611301277968	0.026259289859145	0.0269550940026138	0	0	0	0	0	0	0	0	0	0	0	0	0	0	0	0	0	0	0	0	0	0	0	0	0	0	0	0	0	0	0	0	0	0	0	0	0	0	0	0	
7.16119277524731e-05	0.000505469690208409	0.00134504775207714	0.00262526812005559	0.00426102569153349	0.00616941219399307	0.00825110842742352	0.0103993782436518	0.0125108100058672	0.0145255825776772	0.0164397260639356	0.0182575611213898	0.0199665979781945	0.0215571766093333	0.0230305276898813	0.0243845292478942	0.0256110377454652	0.0267130723781063	0.0276907778448247	0.0285551044179519	0	0	0	0	0	0	0	0	0	0	0	0	0	0	0	0	0	0	0	0	0	0	0	0	0	0	0	0	0	0	0	0	0	0	0	0	0	0	0	0	
6.42592242118657e-05	0.000444847974117191	0.00113931251243569	0.00223585268049631	0.00369577419845621	0.00549262681807882	0.00753268644028814	0.00967545092686109	0.0118282807602413	0.0139686209136577	0.0160655838445736	0.0180688513104555	0.0199629389095025	0.0217570360369158	0.0234453374617384	0.0250112475448777	0.0264461272470732	0.0277543719632868	0.0289283854362974	0.0299790950914424	0	0	0	0	0	0	0	0	0	0	0	0	0	0	0	0	0	0	0	0	0	0	0	0	0	0	0	0	0	0	0	0	0	0	0	0	0	0	0	0	
6.81481407389883e-05	0.000386988259241094	0.000887883528715144	0.0017833724862434	0.00307376003962618	0.0047193007797312	0.00660050395385874	0.00864848889489992	0.0108559535498121	0.0131382413430306	0.0153775564769059	0.0175431125781471	0.0196451024800219	0.0216642444846344	0.0235746797230504	0.0253628779708075	0.0270215210755745	0.0285505774354842	0.0299331746893661	0.031185101896714	0	0	0	0	0	0	0	0	0	0	0	0	0	0	0	0	0	0	0	0	0	0	0	0	0	0	0	0	0	0	0	0	0	0	0	0	0	0	0	0	
4.60151739599559e-05	0.000267564104300135	0.000590494043866436	0.0013211698430373	0.00238101407376318	0.00371241708807227	0.00535838476848119	0.00738777519717882	0.00966190913444601	0.0119788821124619	0.0143094051424797	0.016671472061454	0.019004310199801	0.0212454920704299	0.0233831530131874	0.0254103671932868	0.0273074851064489	0.0290666714893162	0.030666786774553	0.0321311297064425	0	0	0	0	0	0	0	0	0	0	0	0	0	0	0	0	0	0	0	0	0	0	0	0	0	0	0	0	0	0	0	0	0	0	0	0	0	0	0	0	
4.97776642540967e-06	0.000166571463675314	0.000307142895043622	0.000743631546128081	0.00135634966253033	0.00235704896480776	0.00397352065305083	0.0059847590434879	0.00810976854935098	0.0104025052242624	0.0129058278908232	0.0154720497513777	0.0179952539995536	0.0204657047683086	0.0228588577385184	0.0251323523453951	0.0272723055764065	0.0292697404407005	0.0310903537529499	0.0327729245826081	0	0	0	0	0	0	0	0	0	0	0	0	0	0	0	0	0	0	0	0	0	0	0	0	0	0	0	0	0	0	0	0	0	0	0	0	0	0	0	0	
9.92308582504529e-05	0.000312445200679627	-5.30311024002325e-05	-0.000277709956887273	-4.50281757389655e-05	0.00099711781160511	0.00250594130898807	0.00410751988337149	0.00607975658645086	0.00854023721203133	0.0111985802795948	0.0138856893939811	0.0166039183241272	0.0193241948083543	0.0219799474823227	0.0245105144790599	0.0268978019896848	0.0291324505312984	0.03116899255513	0.0330697651647232	0	0	0	0	0	0	0	0	0	0	0	0	0	0	0	0	0	0	0	0	0	0	0	0	0	0	0	0	0	0	0	0	0	0	0	0	0	0	0	0	
0.000180320315650694	0.000192298237541753	-0.000962823351343111	-0.00158243787782001	-0.00117061516347836	-0.000398002576391339	0.00028945086427202	0.00162898971043379	0.00385932889162905	0.00641250075917683	0.00906829457382604	0.0119108215856143	0.0148738840572441	0.0178251745608003	0.0207172683562978	0.0235253227465242	0.026190290410545	0.028655989579938	0.0308960785412751	0.0329930715314951	0	0	0	0	0	0	0	0	0	0	0	0	0	0	0	0	0	0	0	0	0	0	0	0	0	0	0	0	0	0	0	0	0	0	0	0	0	0	0	0	
-0.000274627665832245	-0.00103252085860881	-0.0023737855567375	-0.00240762918420526	-0.0024414051162441	-0.0031441539683588	-0.00275164587372277	-0.000855758593536247	0.00140495857099484	0.00379289031843484	0.00657529902113929	0.00964331758870609	0.0128000412122143	0.0159734058648983	0.0191049993972471	0.0221634985667233	0.0251297732279634	0.0278651178375496	0.0302973910985244	0.0325320421889761	0	0	0	0	0	0	0	0	0	0	0	0	0	0	0	0	0	0	0	0	0	0	0	0	0	0	0	0	0	0	0	0	0	0	0	0	0	0	0	0	
-0.000306458411207516	-0.000606081734457152	-0.00218626857815121	-0.00381128405741477	-0.00641035656536008	-0.00720745619980594	-0.00551144044229911	-0.00358812198538182	-0.00167464816467584	0.000883694407956592	0.0039258194160247	0.00713860921163975	0.0104529539002538	0.0138435081356255	0.0172272787637235	0.0205136769394702	0.0237186736077563	0.0267806822948007	0.0295099150672524	0.0319305739909975	0	0	0	0	0	0	0	0	0	0	0	0	0	0	0	0	0	0	0	0	0	0	0	0	0	0	0	0	0	0	0	0	0	0	0	0	0	0	0	0	
0.00169974665263135	0.00474279793262027	-0.000411598249124478	-0.00845288251724055	-0.0115367960876691	-0.00955734489788703	-0.00779064246513945	-0.00647726182320687	-0.00419683857515105	-0.00121776896710152	0.00197271758560972	0.00533924060601997	0.00886726138675396	0.0124599723406694	0.0160636234105333	0.0196311344732572	0.0230701161422701	0.0264136364003955	0.0297014558563593	0.0326804981013157	0	0	0	0	0	0	0	0	0	0	0	0	0	0	0	0	0	0	0	0	0	0	0	0	0	0	0	0	0	0	0	0	0	0	0	0	0	0	0	0	
0.0015327289680974	0.00221691898122204	-0.00714291407941557	-0.0127268795214186	-0.00934958893312635	-0.00699930310541491	-0.00599159854585879	-0.00380067597881446	-0.000786656178469389	0.00239294457986714	0.00574308299385569	0.00930048011071917	0.0129888197960108	0.0167306999773747	0.020468044460385	0.0242197071288315	0.027945902014966	0.0314938195837492	0.0352035054469831	0.0390255583757702	0	0	0	0	0	0	0	0	0	0	0	0	0	0	0	0	0	0	0	0	0	0	0	0	0	0	0	0	0	0	0	0	0	0	0	0	0	0	0	0	
-0.00544004704344509	-0.0162411138106565	-0.0173085936540611	-0.00398061283314505	0.0047517793752168	0.00849754664939717	0.0125431168664473	0.0170977237929515	0.0211630807064638	0.0248712541831416	0.0285351566748141	0.0321717320395298	0.0357439323747438	0.0392721267601819	0.0427648331972193	0.0461873129326886	0.0495967714950519	0.0529892046822672	0.056243827727045	0.060045040322059	0	0	0	0	0	0	0	0	0	0	0	0	0	0	0	0	0	0	0	0	0	0	0	0	0	0	0	0	0	0	0	0	0	0	0	0	0	0	0	0	
0.00268451111184415	0.0322517406418156	0.0556781623376222	0.064662901172121	0.0669637107731018	0.0708555497800704	0.0747855998663101	0.0776076584048078	0.0799228324197312	0.0820714471121845	0.0840320168584309	0.0858361273367249	0.0875498855355933	0.0891958624987397	0.0907961651110876	0.0923575472385307	0.0938165548761215	0.0953619163520777	0.0969920435137548	0.0977518516896713	0	0	0	0	0	0	0	0	0	0	0	0	0	0	0	0	0	0	0	0	0	0	0	0	0	0	0	0	0	0	0	0	0	0	0	0	0	0	0	0	
