-2.179649756224592e-07	4.2969050536093783e-06	2.1582011173899985e-05	2.8274954084287991e-05	1.5165920439714698e-05	3.1436663242050739e-05	3.8727274177087877e-05	2.8759373775489543e-05	1.4959672457729061e-05	2.6920350700293722e-05	2.6115832688428209e-05	1.0519142991265255e-07	-7.825172506645706e-06	3.949879399534457e-06	-1.3896200992277196e-05	-4.0389274682299552e-05	-2.4696564480040427e-05	-2.4799104626737207e-05	-4.2715729180817676e-05	-3.835542539865499e-05	-1.3289582316074274e-05	-2.0387743906571017e-05	-1.6348367390687375e-05	3.6166790029927644e-06	-9.7069242772020123e-07	
6.0312950598115001e-06	5.6208941972669308e-05	0.00012934166356365603	0.00016819553837185016	0.00015708758191707698	0.00020648148879762413	0.00023557554706529125	0.0001950568321383073	0.00014966596919319748	0.00016810447652652869	0.0001311124151414801	3.0729926559625225e-05	-8.5951510561083683e-06	-2.9535222056743335e-05	-0.00012078311202905509	-0.00019447265909870533	-0.00019338387644297938	-0.00022132856973866254	-0.00024821511810384082	-0.00022447804641464225	-0.00016145797420585574	-0.00012816646988470063	-7.8891651209739278e-05	-2.6413903831038424e-05	2.2731479459955225e-06	
4.7493867584736489e-05	0.00019540675850519278	0.0002917149003678953	0.00041857029512170697	0.00051031943495502053	0.00054462479185719685	0.00054077953922625666	0.0005333380730085808	0.00048120622418460531	0.00038424352780645776	0.00027594487484400499	0.00016394839729582501	9.6598087932734471e-06	-0.00017240282133481306	-0.00030194772481320262	-0.00041897600178382737	-0.00055947635906395136	-0.00062308493576649249	-0.00059084540715845062	-0.00057307366532084302	-0.00050576040654259045	-0.00034357055295919722	-0.00017922792751443622	-0.00010956690914997368	-1.9055456566142487e-05	
0.00013902201110119639	0.00038415908582650136	0.00056517304376033203	0.00080477037128184208	0.00098236293189565014	0.0010158871976484207	0.0009851433454565984	0.00099389595067177986	0.00091540662045001928	0.00069419931270316918	0.00049670107655809461	0.00032262317735254559	1.6605041742570498e-05	-0.00031715266057145367	-0.00053993672202957076	-0.00077763213764859846	-0.0010191538575137469	-0.001128509812746193	-0.0011240567357226822	-0.0010740009158578707	-0.00093266513855891668	-0.00070469566642668161	-0.00041648796278331932	-0.00020668936102891829	-7.4506099189331046e-05	
0.00021390636342551669	0.00061633909771859649	0.0010501024425072023	0.0013394059334736416	0.0014744669245968034	0.00161993063007146	0.0016632008397697629	0.0015316509910440704	0.0013514778299802156	0.0011724285879353192	0.0008577556078173922	0.00041287772082994052	1.9188259698665692e-05	-0.00036075007235961907	-0.00085956035101124361	-0.0012947138138585377	-0.0015143163256429188	-0.0017260874099293499	-0.0018662612706103095	-0.0017369646582615094	-0.0014508613660777902	-0.0012000183523559545	-0.00082272898948791879	-0.00037753223555437139	-0.00011226720396860688	
0.00030444826318798743	0.00099147727404055148	0.0015676791465592862	0.001939594474150949	0.002151469293708427	0.0023350269403291392	0.0023804348758498647	0.0022022592233022047	0.0019417504271002735	0.0016830116966545061	0.0012429387157429851	0.00063224535660029847	8.1980236472069544e-05	-0.00049865965655686913	-0.0011847579893068218	-0.0017558710114216329	-0.0021717664959719401	-0.0025094636597386374	-0.0026294445869395233	-0.0025433432318384278	-0.002243080482472039	-0.0017816589111601096	-0.0012383386958599743	-0.00071401844520810722	-0.00018297432726450697	
0.00049493800653312885	0.0014431686102605666	0.0020341490660705074	0.0026240818133864705	0.0030705320094731869	0.0031453512300244671	0.0030667571283589782	0.0030268408783164858	0.0027606382922159989	0.0021895074458698266	0.0016239543324293247	0.0010607527227934157	0.00022189773354769777	-0.00073730400010941339	-0.0014573937957632886	-0.0021723316031212591	-0.0029794299754407876	-0.003424646777299885	-0.0034939705293643361	-0.0035149012447932629	-0.0032418694488028864	-0.0025587237809128866	-0.0017455954468368411	-0.0010866967752819585	-0.00034822259078194076	
0.00067196925249676635	0.001835721183079522	0.0027506519633237916	0.0034576883534453173	0.0038926261347738324	0.0040610018618872047	0.0040218469219074149	0.0038652930919747946	0.0035298382893939793	0.0029234323770718413	0.0022057032139258361	0.001406568051635653	0.00039234892331627076	-0.00070510927710343936	-0.0017344628640698796	-0.0027989938503997073	-0.0036898446584623253	-0.0043098215550735888	-0.0047130812589815472	-0.0046839138436936935	-0.0042301880499861196	-0.0035942429828524068	-0.0025966827730154844	-0.0014516380449710066	-0.00050493642320341913	
0.00076249867656364399	0.0022986477366896494	0.0036538248217912596	0.0043618553490932547	0.0046848593373931234	0.0050669648999632942	0.0051855547376414221	0.0047658277215435699	0.0042743510774469785	0.0038352797699097042	0.0029850835019492286	0.0017492465976491939	0.00065310639984843125	-0.00047536782930576461	-0.0020002923643658035	-0.003423069379710379	-0.0043657304253072156	-0.0053225601902618519	-0.0060508573841413175	-0.0060316902651801445	-0.0055154994416980489	-0.0047850005044065679	-0.0036036410578183546	-0.0020690885021957886	-0.00063119945842803418	
0.00096371199749043456	0.0029425304325872929	0.0042540614813888263	0.0052155510519042931	0.0058655621796985429	0.0060947863709258157	0.0060964689333302732	0.0058796067465091929	0.0053600497279914045	0.0046169911582815059	0.0036932645819985261	0.0024963146810150767	0.0011203451318431241	-0.0004492374975092461	-0.0021000764521854989	-0.0036563866902765891	-0.0052388606759206612	-0.006565342026846872	-0.0071992636205601753	-0.0075398668663161309	-0.0073061318201301717	-0.0061342322980209073	-0.0045542289206919303	-0.0029538495069095765	-0.00089756670486476435	
0.0012619251142382043	0.0034764230506208671	0.0048714519945852481	0.0061506157261095587	0.0070815170279294364	0.0071857257537100193	0.0070303335046395408	0.0070093683833178681	0.0065755885784355116	0.0054911975184395003	0.0044499481396151723	0.003391869923175654	0.0017209137211790539	-0.00028419703097913357	-0.0019938054116102654	-0.003854575343508318	-0.0060443887684187292	-0.0076267873983564731	-0.0085909234218172516	-0.0092864577997486819	-0.0090870572453772818	-0.0079066586424329007	-0.0059607894841437713	-0.0037620956244763357	-0.0012927034789529043	
0.001336913955709161	0.003845311436002659	0.0060137255643181939	0.0071967232558601537	0.0077904878988756506	0.0083276008834762896	0.0084485520081667414	0.0079675602767860544	0.0074421246887371797	0.0067166414964815648	0.0055352361589629676	0.0040132022327461579	0.0023423976629992202	0.00046007757179515894	-0.001786671985492923	-0.004277510344030358	-0.0064107989239371114	-0.0083715293886068558	-0.010369266576844886	-0.011140361859316989	-0.010782844354062042	-0.010019116277980749	-0.0079488099197397855	-0.0047233252606439019	-0.0015981690207058099	
0.001378038740674084	0.0044575307923121069	0.0068770680489829887	0.0081168738300102742	0.0087570060690450556	0.0093798695154035487	0.00966517015502367	0.0090775393121276856	0.008383163708104862	0.0077979962275891313	0.0066271056763502079	0.0048226153388653123	0.0031191119727575337	0.0012051766078741903	-0.0014565884798408534	-0.0042153993585294144	-0.0066240428541461879	-0.0093034473291823457	-0.011679420325060631	-0.012868507253026734	-0.013209623463097507	-0.012177441883017016	-0.009799134225838951	-0.0063485735288983294	-0.0019694127525782118	
0.0017438601273211765	0.0051628450421113397	0.0070134130966923577	0.0088495136433776773	0.010296394783082308	0.010336461383374556	0.010213518763739838	0.010305444738663724	0.0097352296813048925	0.0085091027764715478	0.0073925412411284894	0.0060391937130371666	0.0040730181649066815	0.0016201187795940406	-0.00086205123983132566	-0.0034940643006395127	-0.0069022823444643772	-0.010170079038413899	-0.012347920181606579	-0.01456790040635465	-0.015891554189364974	-0.014504412089244741	-0.011724749604573589	-0.0081439267416889144	-0.0026640113771703102	
0.0019409518213551499	0.0053443339153864729	0.0079002243896761273	0.0097864362213224056	0.011032748325447289	0.011341093743350152	0.011211022550281356	0.011091845225290739	0.010670885853654593	0.0094390609356138529	0.0082279120046777707	0.006905918593906971	0.0049006616423894625	0.0024225385412367699	-7.0539925425380014e-05	-0.0030348711707364573	-0.0067208831159185044	-0.010071979399528447	-0.013337921065547043	-0.016310919075277076	-0.017544014084153535	-0.017357819389119081	-0.01476036955554187	-0.0095736561010202371	-0.0034121500784528142	
0.0016192213533056774	0.0055651674232931004	0.0093754305609173028	0.010704307366944391	0.011044396298011752	0.012161374370966899	0.012654772211728265	0.01156707799726084	0.010951079223286518	0.010438353502199932	0.0091726632784127193	0.0073164559261494899	0.0055406253739097812	0.0035596252830778375	0.00068064730201551865	-0.0027514509391915803	-0.0059106765517583345	-0.009432078745815765	-0.014252368226523931	-0.017387692744868389	-0.018972296074239857	-0.020096257694115736	-0.017874455536494815	-0.011730185255794565	-0.0039122497307955036	
0.0017917070394525014	0.0065038573225456777	0.0092001041679695625	0.011100328591008598	0.012436150968245636	0.012627480041866835	0.012842039054746544	0.012278862697921753	0.011566767909096807	0.010728375203779688	0.0095646212340003041	0.0079127523950515508	0.0061943257136957098	0.0041174003473259816	0.0013474466588030668	-0.0017067119293141047	-0.0051439937163155185	-0.0092466137282333442	-0.013641430332537703	-0.017407949072481884	-0.021485450707775852	-0.02205484300581332	-0.019819366423483767	-0.014924726122774316	-0.0047379103469332041	
0.002439676216501548	0.0068991646779602142	0.0088302798743877531	0.011456595408958993	0.013870809474660028	0.01295514480345886	0.012395774804936229	0.012727231718130078	0.012128208137534143	0.010545428809646006	0.0095140413644672003	0.0083902583451317837	0.0066203168011194731	0.0042778947224726598	0.0019620412221742923	-0.00048116355954472983	-0.0044717427542691592	-0.0087276416306998825	-0.012264098340072324	-0.017119102539272121	-0.022681502673617064	-0.023618902623233268	-0.02247904808326218	-0.017070830815815816	-0.0060367371957385004	
0.0019379772611024166	0.006349782373082472	0.0113525169716037	0.012568956232088898	0.012729554418929642	0.013280871889995712	0.013199745494759003	0.012241221850751547	0.011506447355927719	0.010427561527476781	0.009482061994236797	0.0081123718380562235	0.0064719601100010965	0.0046379017080299496	0.0024348500828433517	-0.00011774157754487302	-0.0034165485587120746	-0.0069100207094186013	-0.0116837764735243	-0.016805633130658165	-0.020772480984570317	-0.025243895852473601	-0.026572877181803487	-0.018267392208456405	-0.0068704311814695223	
0.0011211141061411461	0.0075588035342651376	0.012582322901858624	0.01299282118856155	0.012153743625172419	0.013177383827049206	0.013319920271752637	0.011147982570248386	0.010612782347563259	0.0099775204667095045	0.0088706060219326671	0.0073295984114151516	0.0059888027198528636	0.0046925747833436449	0.002625374910235611	-1.7632951751800425e-05	-0.0025255161807438966	-0.0050548179708952683	-0.010532299289147697	-0.015111647349818303	-0.019158235849776314	-0.025343770078041655	-0.027526855683813623	-0.021735424247977364	-0.0070261781694616054	
0.0025899852614259069	0.0098844204682518779	0.010013456769143713	0.01234135323447534	0.014760690004510796	0.011940824192249438	0.011178510798603407	0.010059004884244447	0.0098383441408005853	0.0085371860453045938	0.0074184970428147453	0.006376247983819667	0.0053489584079665338	0.0039696781015594726	0.0022974907647245538	0.00055688065805692909	-0.002007081708468307	-0.004358673380515642	-0.0078605238400821457	-0.011418344301850519	-0.019505484651298598	-0.023094028221795761	-0.025302374515843096	-0.025328245636775638	-0.0080515160357336607	
0.0031913765943930106	0.008782554241894034	0.012872551280322794	0.012580441922845957	0.014191080354405673	0.0091784538286748089	0.0092793105796122217	0.0088551012272638872	0.0077783568054561733	0.0062921692494164287	0.0058351736146996713	0.0050763481196164579	0.0041614199207615542	0.0028586350367093062	0.0014961515193371712	0.00083638723273318815	-0.0012561498117772951	-0.0038194766395020195	-0.0059538397272440452	-0.0074943542876004573	-0.016153689408408476	-0.019081512780066166	-0.027028331063557384	-0.023216282532909069	-0.0090789839730635279	
6.3637070037779003e-05	0.0083626896799090036	0.021555597846481613	0.0117792077957202	0.0081098472793120421	0.0069477846594805685	0.0073588789649089202	0.0060064013494760269	0.0046892191233094986	0.0042174378065683738	0.0039144051907061914	0.0031852324564309669	0.0024496444311361714	0.0018285846003306702	0.001026748302865869	0.00024466862578115657	-0.0008659091797285943	-0.0020779061340602256	-0.0041863561248050392	-0.0058489747551329291	-0.0085356619502742221	-0.013034996609848087	-0.029232449544962999	-0.019739094308736781	-0.0079072698465200379	
6.3016281080916105e-05	0.014411812724031459	0.016853144630788713	0.0053748142879532423	0.0019585862305299831	0.0058173944210306245	0.0037747558978434761	0.0021508116963511298	0.0020025382304284757	0.0025432832157779089	0.0016189931689075793	0.0012604343685108379	0.00091388098504705667	0.00074166225535821681	0.00083717984622068257	-0.00038583373045735278	-0.0010677709014344516	-0.00053390014810378013	-0.00095902200503026312	-0.0055380348468456594	-0.0030948519530779842	-0.0039937206976128799	-0.017380129592391099	-0.021935124182327535	-0.0051524794238400218	
0.00081737082655336036	0.009293923846312736	0.0033590629140444238	-0.00038276426694641079	-0.0006337261555345408	0.0022472833108652169	0.0004838059577522767	-1.5891976537869083e-05	0.00028396982240826347	0.00070034112785255856	0.00012827665940594104	0.00017431223620553937	0.00011973173248046435	3.7730641152169523e-05	0.0003734717033143248	-0.0001688302507519286	-0.00047955695317775121	2.8662702602945826e-05	0.0007195502735902646	-0.0023047592730053735	-0.00045184487402986478	0.0012765011790821291	-0.002306645903225686	-0.011881844008207876	-0.0011556168605299092	
