0	0	0	0	0	0	0	0	0	0	0	0	0	0	0	0	0	0	0	0	0	0	0	0	0	0	0	0	0	0	0	0	0	0	0	0	0	0	0	
0	0	0	0	0	0	0	0	0	0	0	0	0	0	0	0	0	0	0	0	0	0	0	0	0	0	0	0	0	0	0	0	0	0	0	0	0	0	0	
0	0	0	0	0	0	0	0	0	0	0	0	0	0	0	0	0	0	0	0	0	0	0	0	0	0	0	0	0	0	0	0	0	0	0	0	0	0	0	
0	0	0	0	0	0	0	0	0	0	0	0	0	0	0	0	0	0	0	0	0	0	0	0	0	0	0	0	0	0	0	0	0	0	0	0	0	0	0	
0	0	0	0	0	0	0	0	0	0	0	0	0	0	0	0	0	0	0	0	0	0	0	0	0	0	0	0	0	0	0	0	0	0	0	0	0	0	0	
0	0	0	0	0	0	0	0	0	0	0	0	0	0	0	0	0	0	0	0	0	0	0	0	0	0	0	0	0	0	0	0	0	0	0	0	0	0	0	
0	0	0	0	0	0	0	0	0	0	0	0	0	0	0	0	0	0	0	0	0	0	0	0	0	0	0	0	0	0	0	0	0	0	0	0	0	0	0	
0	0	0	0	0	0	0	0	0	0	0	0	0	0	0	0	0	0	0	0	0	0	0	0	0	0	0	0	0	0	0	0	0	0	0	0	0	0	0	
0	0	0	0	0	0	0	0	0	0	0	0	0	0	0	0	0	0	0	0	0	0	0	0	0	0	0	0	0	0	0	0	0	0	0	0	0	0	0	
0	0	0	0	0	0	0	0	0	0	0	0	0	0	0	0	0	0	0	0	0	0	0	0	0	0	0	0	0	0	0	0	0	0	0	0	0	0	0	
0	0	0	0	0	0	0	0	0	0	0	0	0	0	0	0	0	0	0	0	0	0	0	0	0	0	0	0	0	0	0	0	0	0	0	0	0	0	0	
0	0	0	0	0	0	0	0	0	0	0	0	0	0	0	0	0	0	0	0	0	0	0	0	0	0	0	0	0	0	0	0	0	0	0	0	0	0	0	
0	0	0	0	0	0	0	0	0	0	0	0	0	0	0	0	0	0	0	0	0	0	0	0	0	0	0	0	0	0	0	0	0	0	0	0	0	0	0	
0	0	0	0	0	0	0	0	0	0	0	0	0	0	0	0	0	0	0	0	0	0	0	0	0	0	0	0	0	0	0	0	0	0	0	0	0	0	0	
0	0	0	0	0	0	0	0	0	0	0	0	0	0	0	0	0	0	0	0	0	0	0	0	0	0	0	0	0	0	0	0	0	0	0	0	0	0	0	
0	0	0	0	0	0	0	0	0	0	0	0	0	0	0	0	0	0	0	0	0	0	0	0	0	0	0	0	0	0	0	0	0	0	0	0	0	0	0	
0	0	0	0	0	0	0	0	0	0	0	0	0	0	0	0	0	0	0	0	0	0	0	0	0	0	0	0	0	0	0	0	0	0	0	0	0	0	0	
0	0	0	0	0	0	0	0	0	0	0	0	0	0	0	0	0	0	0	0	0	0	0	0	0	0	0	0	0	0	0	0	0	0	0	0	0	0	0	
0	0	0	0	0	0	0	0	0	0	0	0	0	0	0	0	0	0	0	0	0	0	0	0	0	0	0	0	0	0	0	0	0	0	0	0	0	0	0	
0	0	0	0	0	0	0	0	0	0	0	0	0	0	0	0	0	0	0	0	0	0	0	0	0	0	0	0	0	0	0	0	0	0	0	0	0	0	0	
0	0	0	0	0	0	0	0	0	0	0	0	0	0	0	0	0	0	0	0	0	0	0	0	0	0	0	0	0	0	0	0	0	0	0	0	0	0	0	
0	0	0	0	0	0	0	0	0	0	0	0	0	0	0	0	0	0	0	0	0	0	0	0	0	0	0	0	0	0	0	0	0	0	0	0	0	0	0	
0	0	0	0	0	0	0	0	0	0	0	0	0	0	0	0	0	0	0	0	0	0	0	0	0	0	0	0	0	0	0	0	0	0	0	0	0	0	0	
0	0	0	0	0	0	0	0	0	0	0	0	0	0	0	0	0	0	0	0	0	0	0	0	0	0	0	0	0	0	0	0	0	0	0	0	0	0	0	
0	0	0	0	0	0	0	0	0	0	0	0	0	0	0	0	0	0	0	0	0	0	0	0	0	0	0	0	0	0	0	0	0	0	0	0	0	0	0	
0	0	0	0	0	0	0	0	0	0	0	0	0	0	0	0	0	0	0	0	0	0	0	0	0	0	0	0	0	0	0	0	0	0	0	0	0	0	0	
0.0039899091405412	0.0124397850353902	0.0197295638472167	0.0252446044855677	0.0292722415358148	0.0318807490825611	0.0333257608590534	0.0336851396894964	0.0330641153057359	0.0316309940554927	0.0295490209233421	0.0269908225023237	0.0241758183685835	0.0212843540593051	0.018402616566163	0.0155742059285556	0.0128275658824029	0.0101612232825777	0.00755583567367954	0.004994991005284	0.00246137495401196	-6.41146114494477e-05	-0.00259274849171273	-0.00513952328691495	-0.00772144459611745	-0.0103289071103644	-0.0129551916004191	-0.0156092012731677	-0.0182582107356298	-0.0208792804207877	-0.0234976609058429	-0.0262430103944506	-0.0296862110244674	-0.0351879859451222	-0.0441230098715786	-0.0543715783151954	-0.0579548699334095	-0.0461436508166887	-0.0174162166896641	
0.00340053586854881	0.0108250187250229	0.0179728201302779	0.0235750074173421	0.0278124820854458	0.0305803662700341	0.0321206036775702	0.0325807134888706	0.0321461030054449	0.0309157429828698	0.0289913346413014	0.0265880174374285	0.0239303288065032	0.0211525437581203	0.0183425845633157	0.0155756790742976	0.0128890331551825	0.0102812310434276	0.00773979636793101	0.00525333076816226	0.00280588090237545	0.000375044997271837	-0.00205356483897148	-0.0044848690034715	-0.00693865573540491	-0.00942751522754923	-0.0119270045218427	-0.0144339163767687	-0.0169636397676839	-0.0194923462496374	-0.0220068634096643	-0.0245954639386004	-0.0276225854721729	-0.0324148498070404	-0.0411969840051939	-0.0530595185623224	-0.0598079155222499	-0.0497232197306801	-0.0195974444024115	
0.00274621887433955	0.00931169025945089	0.0160915303249353	0.0216742059940023	0.0260917075386952	0.0289394949804875	0.0306040527680838	0.0312898611968543	0.0310278739027594	0.0299035379313249	0.0281580774577775	0.0259874653480539	0.0235014641983053	0.0208374952201997	0.0181367541887877	0.0154710630354625	0.0128642020622284	0.0103309284814401	0.00787356533990032	0.00547794550833097	0.00312837457499519	0.000811238796686249	-0.00149469061226721	-0.00380095916402395	-0.0061045985238059	-0.0084309843940911	-0.0107933034475625	-0.0131388204187843	-0.015476948890306	-0.0178663316030843	-0.0202316255511138	-0.0226221649446448	-0.0254166984692876	-0.029808056403425	-0.0383406375669924	-0.0511717172218736	-0.0608422501366197	-0.053129991179745	-0.0214536569965646	
0.00203084142583288	0.00795549094056561	0.0143103521860675	0.0195190545063705	0.0240000859433758	0.0270505536383362	0.0289783157275626	0.0297629807053267	0.0295206788398177	0.0285836492368909	0.0271065644695871	0.025125582668502	0.022796155935462	0.0203077180513976	0.0177628990224441	0.0152170962539519	0.0127181266128785	0.0102920557343261	0.00794100000526769	0.00565659003512119	0.00342620276060753	0.00123779171833002	-0.000921282299083122	-0.00307274802078378	-0.00522252232641044	-0.0073586308009427	-0.00952002357050223	-0.0117099280919013	-0.0138397472662975	-0.0159732930830629	-0.0181696518152385	-0.0204421507121418	-0.0231188527581822	-0.0272159167553035	-0.0353552951026853	-0.0487568518238167	-0.0611986504831892	-0.056077522797142	-0.0231786528685771	
0.00145798846350273	0.00663806518480299	0.0125191455268724	0.0172134688866699	0.0218210023146602	0.0251813461004711	0.0270669088542577	0.0277374955830767	0.0277241843302236	0.0270765315118125	0.0257307638255396	0.0238978203404498	0.0218027490465418	0.0195332726406304	0.017158598257988	0.0147680910273286	0.0124201014347625	0.0101347882753751	0.00791844682931335	0.00577236747121885	0.00368878591990791	0.00165310283022699	-0.000342976580401042	-0.00230906804764904	-0.00427034704806326	-0.00621814516177626	-0.00813275555069697	-0.0100796515221569	-0.0120335458622853	-0.0138784676344281	-0.0157745941988136	-0.0180260202696918	-0.0206937083718191	-0.0245393312917437	-0.0323464669702104	-0.045883021287386	-0.0607048169059847	-0.0585409028087812	-0.0249267943977425	
0.000769485351252069	0.005327833526657	0.0109763080542112	0.0153108847234241	0.0199427739361957	0.0228590351524291	0.0245043999037354	0.0255647664149037	0.0258304194430282	0.025157777948113	0.0239131656034772	0.0223528179805984	0.0205042658447757	0.0184362986985381	0.0162720661097326	0.0140909826569322	0.0119316538843951	0.00982208542619784	0.00777894411643501	0.00580480650078024	0.00389571586070593	0.00204367777635073	0.000236579462595708	-0.00152916014145277	-0.00325833906043055	-0.00497687382393163	-0.00666447486695729	-0.00828815196513147	-0.00996306143056462	-0.0116581960372668	-0.0132110302290769	-0.0152207734160485	-0.0180431716571632	-0.0218479235934171	-0.0293396108661993	-0.0425860023793184	-0.0594315831317027	-0.0606219403680564	-0.0264149754759218	
-0.000400572348061941	0.00440770576389787	0.0104084551748778	0.0139803335081326	0.0174824601720925	0.0198980712014149	0.0221737581753256	0.0234244066144095	0.0233657979880295	0.0227272684347035	0.0217944833683588	0.0204652568846039	0.0188077375325826	0.0169851317223502	0.0150827997006786	0.013143011447722	0.0112105330307169	0.00932067627864603	0.00749042230910801	0.00572488286277169	0.00402409862993391	0.00238641314545983	0.000805067784506258	-0.000729443760796539	-0.00221008876393251	-0.00364168462848978	-0.00506621724302263	-0.00642283077740721	-0.00770770035104337	-0.00919062372722903	-0.0106748157738155	-0.0122561367644766	-0.014953980682132	-0.019118591184869	-0.026442824639954	-0.0389581794884819	-0.0573468903084189	-0.0618545914009795	-0.0277895173422754	
-0.000990049851085219	0.00415276217211735	0.0103307603004385	0.0115690519063054	0.0145283783040662	0.018122620150041	0.0201275791903903	0.0204361031182403	0.0203743989535561	0.0201076666126017	0.0193170211964371	0.0181129990774518	0.0167112142896134	0.0151799085764049	0.0135516405984925	0.0118832135083121	0.0102223485030694	0.0085955894910611	0.00701922845712604	0.00550386762175148	0.00405331843165326	0.00266724096785759	0.0013453979856872	8.27693023912482e-05	-0.00112713813197274	-0.00227407240224529	-0.003375442207574	-0.00447543831097496	-0.005514741453625	-0.00658193529034016	-0.0079816837198121	-0.0096438611331771	-0.0116974917415717	-0.0158435683720572	-0.0237937443490669	-0.0352379445100452	-0.054321330554257	-0.061727832090006	-0.0289665551860267	
-0.000470198929177843	0.0042313144244641	0.00907524479455582	0.00905818951833552	0.014067921618498	0.0165980751723599	0.0166659042505008	0.0169938189616239	0.017402588050384	0.0171119002978933	0.0163246010377876	0.015357997356416	0.0142456217973327	0.0129923134011647	0.0116608020720274	0.0103052977393365	0.00895543210485106	0.00763286346601823	0.00635486784745199	0.00513213544089248	0.00396968292252863	0.00286844135201094	0.00182785155947106	0.000848109451436614	-7.74371845463124e-05	-0.000959084581238716	-0.00178498582888351	-0.00258186394595041	-0.00345703469869581	-0.00430680305656178	-0.00523008262612694	-0.00713484934058955	-0.00922759412636359	-0.0121467322843871	-0.0204945049975184	-0.0315800955680588	-0.050341469223912	-0.060686904488595	-0.028641976749422	
-0.00316215640572884	0.00347716097833397	0.0106589792260985	0.0125438606776393	0.0136359282971127	0.0125090134564991	0.012919983490923	0.0138808071212743	0.0139310663418664	0.0134719803607404	0.0129273804099185	0.0122441503253734	0.011391625902016	0.0104420101385797	0.00944848894728776	0.00843450507478154	0.00742154486131796	0.00643007066817679	0.00547368824137573	0.00456003172813846	0.00369373949760593	0.00287716064301788	0.00210930745737722	0.00138927808766422	0.000717081196885242	7.94474277121391e-05	-0.000533203194420809	-0.00110299680432732	-0.00173214046186653	-0.00250706873512675	-0.00320914774187824	-0.00460929010478517	-0.00715795400350287	-0.00976238122324132	-0.0158222515329406	-0.0259277082656178	-0.0459011241261548	-0.0582020463399216	-0.0263623985380495	
-0.00969743126265078	0.00218832942080066	0.0223293050562098	0.0158215490348585	0.00933974216490343	0.00898273679661993	0.0103052143768269	0.0103192607970876	0.00982167711179958	0.00951240550982963	0.00918383808522875	0.00869285174352935	0.00810767835896222	0.00748002646391636	0.00681905847159907	0.00613813850994542	0.0054562047075879	0.00478698542815867	0.00413924168858768	0.00351932683599741	0.00293159349294361	0.00237839782935681	0.00186004272669358	0.00137546416242069	0.000922729546030313	0.000496765429127298	8.56678097370711e-05	-0.000327048444952414	-0.000763797442906435	-0.00129295195717497	-0.0020422156466648	-0.00307670567784473	-0.00456239263939406	-0.00808998997573199	-0.0120711839720889	-0.0150475057822368	-0.0382486944995115	-0.0516811656720845	-0.025229821420948	
-0.00591910096961963	0.00988471010496714	0.0238764736765747	0.00868549865439697	0.00472219295583141	0.00670007736621917	0.00666415479768671	0.00580962234054974	0.00546192436022808	0.00526246095340504	0.00495705849912917	0.00461770726460887	0.00427901788283654	0.00392319955654518	0.00355255219101608	0.0031805959302839	0.0028146105716215	0.00245879015692695	0.00211759131962275	0.00179453166870371	0.00149141385163755	0.00120850502506354	0.000945599671748341	0.000701799753257016	0.000472123590016195	0.000253594157273107	4.47551080796073e-05	-0.000184204887655479	-0.00045260242827755	-0.00070515611856567	-0.00117550880246026	-0.00202184944178564	-0.00222377142963331	-0.00441367983826815	-0.0083610451625709	-0.00407993116538965	-0.0189465436141197	-0.0419207121270255	-0.0246065050197694	
0.00305515967130894	0.00988235460945428	0.00609479879638763	-0.000176302394100917	0.000749235743869895	0.00166242063431326	0.00121220703676746	0.000947978957182244	0.000976095669139349	0.000939356134442704	0.00085143585709391	0.00078809426813801	0.000731840963009347	0.000666182975815445	0.00059859846674584	0.000533553432471726	0.000470092884578338	0.000408494344501306	0.000349970987351812	0.000295109451198765	0.000244041381805465	0.000196650771582854	0.000152889481821132	0.000112781768539911	7.47175706329854e-05	3.78443028853162e-05	5.06867365171324e-06	-3.43668385281388e-05	-8.66808702213587e-05	-0.000117363753615846	-0.000189696319185973	-0.000415963653257242	-0.000332834154178266	-0.000484680742704547	-0.00234425689237755	0.000540009450933706	-0.0012526658932196	-0.0169485233233239	-0.00946076534741728	
