6.33666828735804e-06	-7.95155724167477e-06	-1.40267158291162e-05	4.19029884603384e-05	8.27205804977301e-05	0.000124804348458873	0.000194227653242084	0.000258237082725515	0.000245918611498939	0.000322161172029458	0	0	0	0	0	0	0	0	0	0	0	0	0	0	0	0	0	0	0	0	
5.09282713002501e-05	7.192770373911e-06	3.29324615613657e-05	0.000339360533760456	0.000660233881670563	0.00100635655025518	0.00141325253259598	0.00175608328743528	0.00201773834462809	0.00244653562632409	0	0	0	0	0	0	0	0	0	0	0	0	0	0	0	0	0	0	0	0	
0.000154164672226183	0.000191496524293763	0.000374395960531504	0.00115990951376517	0.00207689569633478	0.00303028460390992	0.00400153128149749	0.00488338066850458	0.00561217997201666	0.00605733551612451	0	0	0	0	0	0	0	0	0	0	0	0	0	0	0	0	0	0	0	0	
0.000398439515936073	0.00078551189417537	0.00134434719370069	0.00282374245168548	0.00455090776662466	0.0062743137615394	0.00794119109189311	0.00936342278101604	0.0101881083652948	0.0102126617364665	0	0	0	0	0	0	0	0	0	0	0	0	0	0	0	0	0	0	0	0	
0.000862426829010515	0.00197210438391922	0.00316255877517446	0.00548439231107565	0.00809300722167856	0.0106130274261502	0.012868339280764	0.014425681693089	0.0149600869351086	0.0144996993233938	0	0	0	0	0	0	0	0	0	0	0	0	0	0	0	0	0	0	0	0	
0.00159497437942047	0.0038505338354951	0.00587527729529565	0.0090789460549465	0.0125365507763198	0.0156750247096204	0.018120970276796	0.0194213414089399	0.0194926710010089	0.0184361569262766	0	0	0	0	0	0	0	0	0	0	0	0	0	0	0	0	0	0	0	0	
0.00260370390534525	0.00640954202113685	0.00938501960106816	0.0134048729283276	0.0175307450865302	0.0209171452373653	0.0231626943785222	0.0239713630547195	0.0233948587159177	0.0215949769317019	0	0	0	0	0	0	0	0	0	0	0	0	0	0	0	0	0	0	0	0	
0.00384682207279495	0.00952787075650768	0.0134949054083174	0.0181457224817398	0.0226252644743066	0.0259042920318324	0.0276839846488572	0.0277986538843788	0.0264057420417557	0.0238005653277884	0	0	0	0	0	0	0	0	0	0	0	0	0	0	0	0	0	0	0	0	
0.00523960223655982	0.0130061673280614	0.0179263976621135	0.0229353863161897	0.0274614452451226	0.0303825864008707	0.031495660308924	0.0307719145233288	0.0285129388582471	0.0251599792794885	0	0	0	0	0	0	0	0	0	0	0	0	0	0	0	0	0	0	0	0	
0.00667120534840161	0.0165889796853718	0.0223686842913519	0.0274767984718545	0.0318198918133233	0.0342111958443738	0.0345333937445714	0.0329458830573945	0.0299002070578616	0.0259569837742651	0	0	0	0	0	0	0	0	0	0	0	0	0	0	0	0	0	0	0	0	
0.00801797397928321	0.0200012336031708	0.0265531923859695	0.0315757871086298	0.0355739699330286	0.0373452744140543	0.0368616714171163	0.0344919492451183	0.0308227933869526	0.0264824778750505	0	0	0	0	0	0	0	0	0	0	0	0	0	0	0	0	0	0	0	0	
0.009160683138421	0.0229973502892755	0.0302768381601376	0.03511223142301	0.038670004553679	0.039824091749339	0.0386149189036792	0.0356066150725175	0.0314998608309121	0.0269292667264262	0	0	0	0	0	0	0	0	0	0	0	0	0	0	0	0	0	0	0	0	
0.0100053644494926	0.0253845081670699	0.0333884748831236	0.0380228658619814	0.0411144118419753	0.0417265855142351	0.0399348129578152	0.036452770358748	0.032067971772135	0.0273795235272991	0	0	0	0	0	0	0	0	0	0	0	0	0	0	0	0	0	0	0	0	
0.0104934117012528	0.0270273670361503	0.0357772693085779	0.0402839226992687	0.0429469470600411	0.0431337646748707	0.040934915615308	0.0371386195698675	0.0325870516417931	0.0278392694544205	0	0	0	0	0	0	0	0	0	0	0	0	0	0	0	0	0	0	0	0	
0.0106031866470916	0.0278470680315217	0.037362896618777	0.0418854764168193	0.0442171089436581	0.0441170750517413	0.0416881290883367	0.0377122268973709	0.033065670955376	0.0282915886625404	0	0	0	0	0	0	0	0	0	0	0	0	0	0	0	0	0	0	0	0	
0.0103382107668449	0.027813163721797	0.0380922885973299	0.0428281940075324	0.0449744026370543	0.0447205698123469	0.0422184364837942	0.0381786150389198	0.0334973722139137	0.0287215034218264	0	0	0	0	0	0	0	0	0	0	0	0	0	0	0	0	0	0	0	0	
0.00971379173893609	0.0269446352852284	0.0379490237731558	0.0431094839753398	0.0452484138662062	0.0449530639405114	0.0425113313969866	0.0385396473767487	0.033881137039069	0.0290864938336649	0	0	0	0	0	0	0	0	0	0	0	0	0	0	0	0	0	0	0	0	
0.00878804634777381	0.025317963698693	0.0369264800331957	0.0426796187395062	0.0450258470498197	0.0448273436869167	0.0425686625942411	0.038769908784966	0.034169654143097	0.0293657176860778	0	0	0	0	0	0	0	0	0	0	0	0	0	0	0	0	0	0	0	0	
0.00764660837975213	0.0230331877454156	0.0350246152600038	0.0414916891958642	0.0443040185511483	0.0443604681227937	0.0423577628231447	0.038770500025978	0.0343113736245937	0.0295999662622322	0	0	0	0	0	0	0	0	0	0	0	0	0	0	0	0	0	0	0	0	
0.00628561551108418	0.0202078683228925	0.0323795611352653	0.0395902202607639	0.0430726753321247	0.0434779681636583	0.0417415898399905	0.0385095302345192	0.0343429521557513	0.0296976967184054	0	0	0	0	0	0	0	0	0	0	0	0	0	0	0	0	0	0	0	0	
0.00476282685606374	0.0170871566177646	0.0291835000038311	0.0369259978781561	0.0411471499317369	0.0420585277004143	0.0407959632398116	0.03801367344139	0.0340877240982109	0.0295436941071494	0	0	0	0	0	0	0	0	0	0	0	0	0	0	0	0	0	0	0	0	
0.00337846106200373	0.0138867291277074	0.0254471521552316	0.033353641824628	0.0384386391835825	0.0402716536306536	0.0395605752310138	0.036989493115734	0.033354179363061	0.0292167586659646	0	0	0	0	0	0	0	0	0	0	0	0	0	0	0	0	0	0	0	0	
0.00192404857519399	0.010588059605544	0.0215298647444128	0.0293560790493273	0.035405573784055	0.0378926092945761	0.037399582355554	0.0353884407099099	0.0323885234996893	0.0285067712124731	0	0	0	0	0	0	0	0	0	0	0	0	0	0	0	0	0	0	0	0	
-0.000178353494475772	0.00757335223716113	0.018397600521514	0.0257217285310179	0.0315542754715138	0.0340975899343375	0.0346174069630082	0.0335374559915824	0.0308170687566619	0.0271487076909475	0	0	0	0	0	0	0	0	0	0	0	0	0	0	0	0	0	0	0	0	
-0.00159257252012811	0.00544056197916659	0.0160161850798234	0.020935567514887	0.0260642160695824	0.0303317280007685	0.0318258338985931	0.0306893648490862	0.0282296280447409	0.025266315238616	0	0	0	0	0	0	0	0	0	0	0	0	0	0	0	0	0	0	0	0	
-0.00145007771187272	0.00411038702100087	0.0126993856013906	0.015081804926171	0.0222301265375057	0.0266450707099346	0.0272506179489586	0.0267029729552788	0.0251435878958808	0.0226052166606734	0	0	0	0	0	0	0	0	0	0	0	0	0	0	0	0	0	0	0	0	
-0.00478916374707959	0.0022395795951663	0.0119198592140375	0.0157693345480494	0.0190907923392801	0.0198578394998617	0.0211406061535738	0.0222462429704689	0.0212687228161559	0.0195032327223922	0	0	0	0	0	0	0	0	0	0	0	0	0	0	0	0	0	0	0	0	
-0.0122822776708308	-0.000677569090587485	0.0222733730475363	0.0171249260424814	0.0121198410166055	0.0131813218264089	0.0155363827333938	0.0166178500918592	0.0165495158568145	0.0167100479395367	0	0	0	0	0	0	0	0	0	0	0	0	0	0	0	0	0	0	0	0	
-0.00804675686493191	0.00715956939689011	0.023156368776314	0.00842504396395061	0.00539855047817445	0.00846935852032052	0.00924928014423136	0.00915535763189305	0.0101539833295055	0.0113160164296984	0	0	0	0	0	0	0	0	0	0	0	0	0	0	0	0	0	0	0	0	
0.00265641207861418	0.00943427837777091	0.00577894170509783	-0.000323610263437213	0.00084562688848327	0.00194544164967955	0.00166788180625241	0.00139758075273595	0.00190485963643588	0.00225572444813374	0	0	0	0	0	0	0	0	0	0	0	0	0	0	0	0	0	0	0	0	
