-7.16569356911184e-06	-2.30719678613471e-05	-2.25824640872291e-05	-1.36889529994358e-05	-3.15503811092854e-06	1.00003214246241e-05	2.36230049237471e-05	3.78001514216891e-05	5.35197738458221e-05	6.93843736489454e-05	8.54897976080634e-05	0.000109790842650777	0.000131122571900608	0.000118785968813619	0.000138398100993456	0	0	0	0	0	0	0	0	0	0	0	0	0	0	0	0	0	0	0	0	0	0	0	0	0	0	0	0	0	0	
-4.57443365093219e-05	-0.000118683044279084	-0.000124120026155055	-6.75197407106469e-05	1.00523318410422e-05	0.000100564815095488	0.000196817142530466	0.0002979364924632	0.000405532603393204	0.000519324837605163	0.000645576428144711	0.000784040402016753	0.000889356382166101	0.000954125810459594	0.00112664767779166	0	0	0	0	0	0	0	0	0	0	0	0	0	0	0	0	0	0	0	0	0	0	0	0	0	0	0	0	0	0	
-9.03221089842801e-05	-0.000236409423933455	-0.000242552628016903	-9.10030956532731e-05	0.000124906063328739	0.000372122280444155	0.000635043632480928	0.000910987183293416	0.00120320858514055	0.00151708817651162	0.0018487356020758	0.00216815237826682	0.00244432093944786	0.00268450321847975	0.00291313258306246	0	0	0	0	0	0	0	0	0	0	0	0	0	0	0	0	0	0	0	0	0	0	0	0	0	0	0	0	0	0	
-0.000112904031356759	-0.00029386105441853	-0.000261310788404004	3.53265305036986e-05	0.000453467349508845	0.000930904017796757	0.00143817759350241	0.00197096553209927	0.00253451703869174	0.00312374656934652	0.0037075404020876	0.0042507316127601	0.0047257769762673	0.00505149168137763	0.0051797024022966	0	0	0	0	0	0	0	0	0	0	0	0	0	0	0	0	0	0	0	0	0	0	0	0	0	0	0	0	0	0	
-9.17806256440433e-05	-0.000224956988585052	-8.62997379092238e-05	0.00041399446283887	0.0010914099396447	0.00186114498648626	0.00268089524405231	0.00354095575848754	0.00443395623863617	0.00532898382992165	0.00617941062685874	0.00693266297953947	0.00750398491910499	0.00779371015903069	0.00780522852327299	0	0	0	0	0	0	0	0	0	0	0	0	0	0	0	0	0	0	0	0	0	0	0	0	0	0	0	0	0	0	
-4.10889135910915e-06	2.39634094638621e-05	0.000351698681099464	0.00111781440574375	0.0021065370789878	0.0032189424371283	0.0044034660770612	0.00563281562756744	0.00687217445471625	0.00806755061480152	0.00914617495595343	0.0100103443166302	0.010565023965553	0.0107599525707165	0.0106056448040638	0	0	0	0	0	0	0	0	0	0	0	0	0	0	0	0	0	0	0	0	0	0	0	0	0	0	0	0	0	0	
0.000169229284124018	0.000498861259323431	0.00110359613759108	0.00219123414960135	0.00353475937042948	0.00502667192441309	0.00660156844857542	0.00820510685276126	0.00977184246168721	0.0112146180973184	0.0124222542529493	0.013289132850732	0.0137538436084335	0.0137865919079918	0.0133999022192338	0	0	0	0	0	0	0	0	0	0	0	0	0	0	0	0	0	0	0	0	0	0	0	0	0	0	0	0	0	0	
0.000442746578506831	0.00123290770356283	0.00220062783100775	0.00365232166397776	0.00537910674223239	0.00726605796923758	0.00922683377542666	0.0111760471614515	0.0130095724458729	0.0146013720744092	0.0158295840644549	0.0166120986005605	0.0169084950016246	0.0167075430877373	0.016044068053712	0	0	0	0	0	0	0	0	0	0	0	0	0	0	0	0	0	0	0	0	0	0	0	0	0	0	0	0	0	0	
0.00082546014814308	0.00224249623490641	0.00365081983667372	0.00549241104426668	0.00761006915755545	0.00988261494206279	0.0121972483441586	0.0144292022406019	0.0164332597775664	0.018065606134046	0.0192174121622849	0.0198266591335176	0.0198742994631709	0.0193830602361055	0.0184052366380382	0	0	0	0	0	0	0	0	0	0	0	0	0	0	0	0	0	0	0	0	0	0	0	0	0	0	0	0	0	0	
0.00131876440090793	0.00352530927673541	0.00543790464113182	0.00767573267464498	0.0101707034749058	0.0127962396131038	0.0154049017039338	0.0178291739321855	0.0198975263871955	0.0214680150937562	0.0224477918023795	0.0227974802067162	0.0225300294955876	0.0216997200599848	0.0203739701828098	0	0	0	0	0	0	0	0	0	0	0	0	0	0	0	0	0	0	0	0	0	0	0	0	0	0	0	0	0	0	
0.00191533488947297	0.00505910858197684	0.00752252901205803	0.0101442584676316	0.0129844407073996	0.0159088566863759	0.0187300568301571	0.0212469985406875	0.0232772931090947	0.0246877758812308	0.025406924939484	0.0254266964058766	0.0247921898294246	0.0235856181790968	0.0218962372577651	0	0	0	0	0	0	0	0	0	0	0	0	0	0	0	0	0	0	0	0	0	0	0	0	0	0	0	0	0	0	
0.00259917156921213	0.00680245443272957	0.00984635338428671	0.0128249095957569	0.0159619004397336	0.0191150800066551	0.022059388923825	0.0245718334817814	0.0264681261715112	0.027631107961567	0.0280190066526702	0.0276575728401133	0.0266233460336105	0.0250283375508114	0.0229877617143916	0	0	0	0	0	0	0	0	0	0	0	0	0	0	0	0	0	0	0	0	0	0	0	0	0	0	0	0	0	0	
0.00334653088898659	0.00869823699586163	0.0123377447227979	0.0156355882180879	0.0190094900439374	0.0223151073579002	0.0252951391548387	0.0277132460189104	0.0293922457458475	0.0302395636355159	0.0302473364713353	0.0294764001133041	0.0280376691102771	0.0260730655578346	0.0237216680653393	0	0	0	0	0	0	0	0	0	0	0	0	0	0	0	0	0	0	0	0	0	0	0	0	0	0	0	0	0	0	
0.00412795427348108	0.0106786128684352	0.0149172245416349	0.0184917894625728	0.0220386127162491	0.0254219734103091	0.0283577705772162	0.0306049413178562	0.0320028502179137	0.0324889292562075	0.0320918113135244	0.0309105385313119	0.0290915746964975	0.0268026523368401	0.024199643849111	0	0	0	0	0	0	0	0	0	0	0	0	0	0	0	0	0	0	0	0	0	0	0	0	0	0	0	0	0	0	
0.00491087561886647	0.0126700618096969	0.0175030828021998	0.0213133008015007	0.0249711590218889	0.0283640728457041	0.0311883107823789	0.0332065319765506	0.0342816411430961	0.0343845499796507	0.0335834053632877	0.0320169734874564	0.0298643030711693	0.0273118566876537	0.0245224509412451	0	0	0	0	0	0	0	0	0	0	0	0	0	0	0	0	0	0	0	0	0	0	0	0	0	0	0	0	0	0	
0.00566215882883511	0.014598562413296	0.020016670153892	0.0240283462968691	0.0277417657730055	0.0310866303102674	0.0337488062225911	0.0355006807268325	0.0362335293862016	0.0359547647099598	0.0347734233600476	0.0328660145228659	0.0304380871322812	0.0276862751282834	0.0247705099846317	0	0	0	0	0	0	0	0	0	0	0	0	0	0	0	0	0	0	0	0	0	0	0	0	0	0	0	0	0	0	
0.00635050891252766	0.0163943906023565	0.022385943964791	0.0265752997017171	0.030298895922456	0.0335516913526833	0.036019622532017	0.0374881911372131	0.0378804256624578	0.0372418767605459	0.0357208773143514	0.0335267897292281	0.0308839430798504	0.0279908341199608	0.0249969110771878	0	0	0	0	0	0	0	0	0	0	0	0	0	0	0	0	0	0	0	0	0	0	0	0	0	0	0	0	0	0	
0.00694858603037246	0.0179956861604849	0.0245473265016117	0.0289032615937168	0.0326046915634398	0.03573606077742	0.0379953487873185	0.039182687668832	0.0392541315120933	0.038292793243045	0.0364821602002091	0.0340577644386608	0.0312548932843867	0.0282673415796434	0.025229637067932	0	0	0	0	0	0	0	0	0	0	0	0	0	0	0	0	0	0	0	0	0	0	0	0	0	0	0	0	0	0	
0.00743442782331733	0.0193507266870573	0.0264466599169336	0.0309716904470578	0.0346333922622062	0.0376282793261206	0.0396805768513439	0.040605147245196	0.0403895339617861	0.0391517519698627	0.0371046658786757	0.0345026576266221	0.0315853734694359	0.0285378223539335	0.0254782027766158	0	0	0	0	0	0	0	0	0	0	0	0	0	0	0	0	0	0	0	0	0	0	0	0	0	0	0	0	0	0	
0.00779214363686804	0.0204192392792023	0.0280395056614765	0.0327490912731584	0.0363689704032078	0.0392255365340764	0.0410858498884017	0.0417789347510892	0.041319454710553	0.0398559207966457	0.0376241415197752	0.0348905042855423	0.0318943153119294	0.028810165331173	0.0257408390973074	0	0	0	0	0	0	0	0	0	0	0	0	0	0	0	0	0	0	0	0	0	0	0	0	0	0	0	0	0	0	
0.00801212038975001	0.0211729297676845	0.0292908773919709	0.0342112213115747	0.037802549667189	0.0405307634744963	0.042224186509884	0.0427260649820002	0.0420714684274786	0.0404335223613891	0.0380647887427556	0.0352380690527322	0.0321895266319887	0.0290836170563109	0.0260102260917665	0	0	0	0	0	0	0	0	0	0	0	0	0	0	0	0	0	0	0	0	0	0	0	0	0	0	0	0	0	0	
0.0080908866965463	0.0215954058998993	0.0301746910621733	0.0353392613215712	0.0389298755974059	0.0415501084957792	0.0431085533797993	0.043464833782239	0.0426663355719082	0.0409037577919628	0.0384409743956896	0.0355530317155354	0.0324716672466667	0.0293529680588846	0.0262773975624064	0	0	0	0	0	0	0	0	0	0	0	0	0	0	0	0	0	0	0	0	0	0	0	0	0	0	0	0	0	0	
0.00803066857365088	0.0216816768565074	0.0306732938758731	0.036118305628614	0.0397490648586362	0.042290918995736	0.043750218875202	0.0440085691339774	0.0431176956591203	0.0412778334268475	0.0387593607442216	0.0358367423667684	0.0327372747647488	0.0296114295804856	0.0265338363232716	0	0	0	0	0	0	0	0	0	0	0	0	0	0	0	0	0	0	0	0	0	0	0	0	0	0	0	0	0	0	
0.0078386980777328	0.021437466985047	0.0307773717408424	0.036536409940703	0.0402586115950548	0.0427600366240457	0.0441579047780114	0.0443654424961782	0.0434325917975581	0.0415602148430439	0.039020585660699	0.0360862628300154	0.0329810280635862	0.0298522155074688	0.026772000350436	0	0	0	0	0	0	0	0	0	0	0	0	0	0	0	0	0	0	0	0	0	0	0	0	0	0	0	0	0	0	
0.00752651895750017	0.020878643795223	0.0304861096258181	0.0365840014136006	0.0404557177582641	0.0429625320907548	0.0443377757824989	0.0445390801806996	0.0436120199449585	0.0417493624787093	0.0392207507623652	0.0362961431169533	0.0331965905311964	0.0300686011367263	0.0269856790492792	0	0	0	0	0	0	0	0	0	0	0	0	0	0	0	0	0	0	0	0	0	0	0	0	0	0	0	0	0	0	
0.00710938886163226	0.0200303806493985	0.029807375713096	0.0362540414617605	0.0403357274045718	0.0429011490975197	0.0442934598863881	0.0445288804874429	0.043651441647762	0.0418388334716633	0.0393527540053735	0.0364587441792913	0.0333760881961155	0.0302539976850164	0.0271702081237251	0	0	0	0	0	0	0	0	0	0	0	0	0	0	0	0	0	0	0	0	0	0	0	0	0	0	0	0	0	0	
0.00660520385269429	0.0189258935222929	0.0287586700468865	0.035543997371371	0.0398924370133099	0.0425750873500309	0.0440253033427851	0.0443306740796186	0.043542552221668	0.0418186528601994	0.039405585015339	0.0365629793649248	0.0335108200701487	0.0304024350019307	0.0273205054071845	0	0	0	0	0	0	0	0	0	0	0	0	0	0	0	0	0	0	0	0	0	0	0	0	0	0	0	0	0	0	
0.0060333204838391	0.0176062136180627	0.0273688207267206	0.0344574556808443	0.0391176157135965	0.041978461915102	0.0435308133653048	0.0439393979633419	0.0432746777611468	0.0416736473736868	0.0393632600924939	0.0365959765197897	0.03359128275005	0.0305057479560991	0.0274300808513564	0	0	0	0	0	0	0	0	0	0	0	0	0	0	0	0	0	0	0	0	0	0	0	0	0	0	0	0	0	0	
0.00541480575366137	0.0161193712719729	0.0256772328792542	0.0330043694365567	0.0380030794845144	0.0411030884580865	0.0428062588815172	0.0433483824285035	0.042832501885282	0.0413837406219836	0.0392083577607588	0.036542996449766	0.0336023853193721	0.0305518260994733	0.0274928772575488	0	0	0	0	0	0	0	0	0	0	0	0	0	0	0	0	0	0	0	0	0	0	0	0	0	0	0	0	0	0	
0.00477111981496165	0.0145156865661656	0.0237326653350269	0.0312077201678444	0.0365485709160428	0.0399402371269163	0.0418420906687102	0.0425444605069188	0.042199553049911	0.0409319699142079	0.0389201698048757	0.0363793566238752	0.0335243472845866	0.0305287166561079	0.0274987038514672	0	0	0	0	0	0	0	0	0	0	0	0	0	0	0	0	0	0	0	0	0	0	0	0	0	0	0	0	0	0	
0.0041192049872668	0.0128475547161209	0.0215999166240129	0.0291097030397323	0.0347610276271494	0.0384736055831887	0.0406197345937376	0.0415175887902436	0.0413676367128551	0.0402971224084724	0.0384657991184579	0.0360771852904088	0.0333384485672471	0.0304179630202733	0.0274288994651417	0	0	0	0	0	0	0	0	0	0	0	0	0	0	0	0	0	0	0	0	0	0	0	0	0	0	0	0	0	0	
0.00347443026788196	0.0111749391524345	0.0193563215967531	0.0267581208066751	0.0326492802635402	0.0366915194963525	0.0391319370979391	0.0402652360493825	0.0403165602156373	0.039443470732445	0.0378184842963385	0.0356153900742766	0.0330132582140757	0.0301875316120981	0.0272646133014691	0	0	0	0	0	0	0	0	0	0	0	0	0	0	0	0	0	0	0	0	0	0	0	0	0	0	0	0	0	0	
0.00285813229289958	0.00954836816125846	0.0170660812370885	0.0242114499972155	0.0302567917643938	0.0346183284424393	0.0373765874902853	0.0387509512119646	0.0390098918280361	0.0383624626703084	0.0369633798680673	0.0349499624968931	0.0325046550274551	0.0298097367094801	0.0269808193772199	0	0	0	0	0	0	0	0	0	0	0	0	0	0	0	0	0	0	0	0	0	0	0	0	0	0	0	0	0	0	
0.00227578140424157	0.00799439986226388	0.0148089112714891	0.0215818952138057	0.0276744615038807	0.032269514042228	0.0353002762247825	0.0369401589576805	0.037464970158744	0.0370503073229848	0.035848070847671	0.0340319887738489	0.0317859254905778	0.0292517751535173	0.026534292807728	0	0	0	0	0	0	0	0	0	0	0	0	0	0	0	0	0	0	0	0	0	0	0	0	0	0	0	0	0	0	
0.0016995321248014	0.00657287927303617	0.0127238298691069	0.0189835910530036	0.0249398348397472	0.0296161223244854	0.0329173615749375	0.0348978859167008	0.0356668139013581	0.0354217324566287	0.0344363236974941	0.0328606715039931	0.0308182452856739	0.0284549637092422	0.0258860542812625	0	0	0	0	0	0	0	0	0	0	0	0	0	0	0	0	0	0	0	0	0	0	0	0	0	0	0	0	0	0	
0.00115524557311767	0.00536246651477053	0.0108631526035406	0.0164190461597769	0.0220809516409892	0.0268226838297684	0.0304013541916531	0.0325657358057183	0.033474793591901	0.0334753393154825	0.0327578668705801	0.0313878594962908	0.0295409086176483	0.0273825032353004	0.0249993612382154	0	0	0	0	0	0	0	0	0	0	0	0	0	0	0	0	0	0	0	0	0	0	0	0	0	0	0	0	0	0	
0.000726306381774786	0.00429292967390234	0.00915959239216863	0.0139772532715424	0.0194407113574395	0.0241561353902745	0.0276008487891226	0.0297755917898074	0.0309885981599363	0.0312879384937218	0.0307333393158885	0.0295312465350976	0.0279388742793843	0.026014597783117	0.0238189373973699	0	0	0	0	0	0	0	0	0	0	0	0	0	0	0	0	0	0	0	0	0	0	0	0	0	0	0	0	0	0	
0.000201862407686906	0.00333317878887267	0.00789006793297846	0.0121418849509093	0.0172435242211891	0.0212280117591058	0.0243669470042387	0.0268808692860037	0.0283410046318106	0.028669038415865	0.0282696888748467	0.0273328982689735	0.0259885977740521	0.0242913511859139	0.0223206932455746	0	0	0	0	0	0	0	0	0	0	0	0	0	0	0	0	0	0	0	0	0	0	0	0	0	0	0	0	0	0	
-0.000690516616966273	0.00282766618486478	0.00763983159347181	0.0109153428172847	0.0146904972713118	0.0180896806139892	0.0215739437409899	0.0240087572250674	0.0251414008568059	0.0255645480219298	0.025460699623213	0.0247634850191267	0.0236573486775554	0.0221842908762562	0.0204909760742442	0	0	0	0	0	0	0	0	0	0	0	0	0	0	0	0	0	0	0	0	0	0	0	0	0	0	0	0	0	0	
-0.00104294485813073	0.00295624141171427	0.00785803004888751	0.00888323301230506	0.0121944802501651	0.0163316864394277	0.0191104068107563	0.0204851822716135	0.0215212762225547	0.0222206140447338	0.0222554899554268	0.0217117333262728	0.0209502813140512	0.0197439496651733	0.0182720734310068	0	0	0	0	0	0	0	0	0	0	0	0	0	0	0	0	0	0	0	0	0	0	0	0	0	0	0	0	0	0	
-0.000453997458836886	0.0033966298915971	0.00715103715748904	0.00732392075085426	0.0122645850269583	0.0148242364999871	0.0155296884773466	0.0167490399849152	0.0179938725517729	0.0184874673534526	0.0184673775809209	0.0182235100215497	0.0178223337118497	0.016954990537493	0.0158864086620033	0	0	0	0	0	0	0	0	0	0	0	0	0	0	0	0	0	0	0	0	0	0	0	0	0	0	0	0	0	0	
-0.0027863986566497	0.00326177416793776	0.00970470385360938	0.0113895815191767	0.0121959627553249	0.0111486090001953	0.0119529907405563	0.0134030503833801	0.0140489748079741	0.0142007215443179	0.0142070431805441	0.0142272580623085	0.0142512857063918	0.0137813429267589	0.0137204156629265	0	0	0	0	0	0	0	0	0	0	0	0	0	0	0	0	0	0	0	0	0	0	0	0	0	0	0	0	0	0	
-0.00858121305183066	0.00317519831219302	0.0218537342734944	0.0150012328417531	0.0085529910537337	0.00816349615392963	0.00951892420070074	0.00973712643036173	0.00957861651487642	0.0096591360130728	0.00973855318607668	0.00974747384996354	0.00995367270545914	0.0102554397312265	0.0107909993480533	0	0	0	0	0	0	0	0	0	0	0	0	0	0	0	0	0	0	0	0	0	0	0	0	0	0	0	0	0	0	
-0.00476446179631351	0.0111678348954593	0.0238419854399947	0.0085450036427143	0.00448669407132791	0.00627534255134369	0.00619655073140346	0.00539176883246557	0.00514876980450832	0.00511230500457745	0.00508465715158451	0.00503805473716415	0.00496994878738112	0.00551301355258154	0.00611631247447952	0	0	0	0	0	0	0	0	0	0	0	0	0	0	0	0	0	0	0	0	0	0	0	0	0	0	0	0	0	0	
0.00329514203284373	0.010111265604711	0.00616667284486291	-0.000152578827521434	0.000692919501625273	0.00158991224647982	0.0011381290117432	0.000870201692065896	0.000910199644030489	0.000893169017109578	0.000859994898450323	0.000877245389842937	0.000781746267711297	0.000902552783260428	0.00123541744682125	0	0	0	0	0	0	0	0	0	0	0	0	0	0	0	0	0	0	0	0	0	0	0	0	0	0	0	0	0	0	
