-6.18031914920162e-06	-1.93348178787195e-05	-1.94795467387205e-05	-1.54664301118057e-05	-9.21284827339434e-06	-6.91388086560154e-07	8.32488373245335e-06	1.73842129339681e-05	2.66561623645602e-05	3.64374515046283e-05	4.700516442108e-05	5.84832504919954e-05	7.07329268695299e-05	8.33801224149069e-05	9.58802168837377e-05	0.000107369273954176	0.000116715813533186	0.000123399827089606	0.00012670996813068	0.000123142294568134	0.000113510625219966	0.000106847492377255	8.58003471839072e-05	3.03615104535457e-05	4.07197936800144e-05	0	0	0	0	0	0	0	0	0	0	0	0	0	0	0	0	0	0	0	0	0	0	0	0	0	
-4.24673051076934e-05	-0.000105398650319923	-0.000116343284949814	-8.88386997669721e-05	-4.31108120593046e-05	1.4890767380662e-05	7.75967969327932e-05	0.000141554870183818	0.000207184793370067	0.000276393121738077	0.000350801254072027	0.000430805631254192	0.000515110952942458	0.000600761502476697	0.00068327209560881	0.000756731245411654	0.000814843217781968	0.00085167960226826	0.000859451543538155	0.000831073233673249	0.00077002537168153	0.0006742696983964	0.000515542215819977	0.000328124107861248	0.000252582540337216	0	0	0	0	0	0	0	0	0	0	0	0	0	0	0	0	0	0	0	0	0	0	0	0	0	
-8.89646582665474e-05	-0.000224796096452054	-0.000251770144450714	-0.0001753459984404	-4.73043851603492e-05	0.00010976100154345	0.000279182020554636	0.00045372428274316	0.000633874323474655	0.000823596850528886	0.00102577198599499	0.00123951624956071	0.00145933035272438	0.00167530226929645	0.00187397854057243	0.0020399737294878	0.00215734530740014	0.00220999043850964	0.0021845746880008	0.00207457890688488	0.0018736803092964	0.00157216020724326	0.00118751112515528	0.000770003020303333	0.000342830748824172	0	0	0	0	0	0	0	0	0	0	0	0	0	0	0	0	0	0	0	0	0	0	0	0	0	
-0.00012701722335461	-0.00032180496050151	-0.000345742192631011	-0.000190636512610798	5.97428499714944e-05	0.0003619472059021	0.000687704707584159	0.00102644344769641	0.0013784726479789	0.00174790169634545	0.00213577723450918	0.00253566768719572	0.0029326209849332	0.00330460247364355	0.00362538736433029	0.00386747680537518	0.00400444208833169	0.00401499443461447	0.00388628489337599	0.00360907039001946	0.00317844585666759	0.00261191608571221	0.00193673635686609	0.00114470325520491	0.000277992448773465	0	0	0	0	0	0	0	0	0	0	0	0	0	0	0	0	0	0	0	0	0	0	0	0	0	
-0.000142853185990778	-0.000351645283403072	-0.000332319751771947	-6.05247935709889e-05	0.000349980325473211	0.000838897939832528	0.0013671715576098	0.00191997064911706	0.00249590516746472	0.0030954151850959	0.0037118678316701	0.00432696550097138	0.0049109278595645	0.00542644073351458	0.00583382588734648	0.00609589038216396	0.00618319952932939	0.00607737112040771	0.00576861764860375	0.00525647585366036	0.00455743406815901	0.00369318654435526	0.00267033162945018	0.00149811472850431	0.000257836634768561	0	0	0	0	0	0	0	0	0	0	0	0	0	0	0	0	0	0	0	0	0	0	0	0	0	
-0.000120899357739021	-0.000276968509851786	-0.00016026691280343	0.000272250930172359	0.000881046219525882	0.00159444574457049	0.00236609747349876	0.00317583681855634	0.0040164891440126	0.00487906839102551	0.00574242511464703	0.00657051273175874	0.00731599918489391	0.00792723956147199	0.00835602895458027	0.00856469728243762	0.00852994828752366	0.00824186051418985	0.00770377090438236	0.00693343905331716	0.0059531203826388	0.00477895125775681	0.0034334204630512	0.00194224120856414	0.00036843362378324	0	0	0	0	0	0	0	0	0	0	0	0	0	0	0	0	0	0	0	0	0	0	0	0	0	
-4.75808266034702e-05	-6.3500320071384e-05	0.000212304789640295	0.000850344289687615	0.00169410946970102	0.00266545564218217	0.00371342563998107	0.00481110839504604	0.00593988904087585	0.00707421494354059	0.00817270335038676	0.00917909255042558	0.0100303279382284	0.0106669272921572	0.0110422927028774	0.0111278319831627	0.0109129019636529	0.0104035018473349	0.00961972339124877	0.00858681186414599	0.00732898472191673	0.00587524703692391	0.00425702708838137	0.00248940395523717	0.000624289429465699	0	0	0	0	0	0	0	0	0	0	0	0	0	0	0	0	0	0	0	0	0	0	0	0	0	
8.86779822020189e-05	0.000317464903288998	0.000818399840460554	0.00170289539483063	0.00281256843308564	0.00406831657047587	0.00541484270111148	0.00681505175546937	0.0082329037088002	0.00962025052397345	0.0109128665570903	0.0120366959144867	0.0129201457938841	0.0135061681988782	0.013759250239152	0.0136663039455335	0.0132343712915671	0.0124858185148476	0.0114499924104779	0.0101581432295322	0.00864514107562193	0.00694570507501234	0.00508665155608784	0.00308881528400682	0.000992341367884747	0	0	0	0	0	0	0	0	0	0	0	0	0	0	0	0	0	0	0	0	0	0	0	0	0	
0.000297424008848374	0.000887166729007076	0.00167931851160796	0.00284430621905133	0.00424187557986737	0.00579801013566985	0.00745139700638496	0.00914934146806216	0.0108330110614169	0.0124290175101816	0.0138522748056646	0.0150180662407023	0.015856435050177	0.0163219358703066	0.016396125325908	0.0160847577440261	0.0154115896286479	0.0144101569862186	0.0131185398435409	0.0115782050321982	0.00982973229022501	0.00790765193163989	0.00584335248368916	0.00366821615395122	0.00139996805891779	0	0	0	0	0	0	0	0	0	0	0	0	0	0	0	0	0	0	0	0	0	0	0	0	0	
0.000584901767921319	0.00165777499481739	0.00280273426895184	0.00427279624031962	0.00596960583968386	0.0078292574744844	0.00978138481315407	0.0117521646585295	0.0136565934258227	0.0153975411408285	0.0168756224487771	0.0180049978599967	0.018726285336414	0.0190114589029837	0.0188616091003175	0.0183000685958273	0.0173638837014374	0.0160978234006931	0.014551104602921	0.0127725033352555	0.0108058906572121	0.00869099141055476	0.00646379656248141	0.00415762003364229	0.00177123124347689	0	0	0	0	0	0	0	0	0	0	0	0	0	0	0	0	0	0	0	0	0	0	0	0	0	
0.0009529525889443	0.00263046550765597	0.00418202997731025	0.00597069328717092	0.00796646707692475	0.0101190617238643	0.012345095227057	0.0145456943404238	0.0166096404473245	0.0184213086489228	0.0198759179374536	0.0208952673372136	0.021436425326091	0.0214912144193235	0.0210794328427718	0.0202399738402932	0.0190237247524799	0.0174884535961371	0.015692982449321	0.0136921478116201	0.0115352816934359	0.00926506135684428	0.00691507791833038	0.00451631966775181	0.00205638153698131	0	0	0	0	0	0	0	0	0	0	0	0	0	0	0	0	0	0	0	0	0	0	0	0	0	
0.00139838351287447	0.00379436146703064	0.00579646444765716	0.00790617531869975	0.010188964267895	0.0126107169080882	0.0150712232900829	0.0174451152461049	0.0195984582718537	0.021404630549438	0.0227619470522438	0.0236062093340657	0.0239138661329366	0.0236965493488035	0.0229919445913724	0.0218554949897057	0.0203535277766836	0.0185560583573085	0.016530320912399	0.0143369264978384	0.0120269393164236	0.00963975081635968	0.00720353362070869	0.00474372133839755	0.00224304988897599	0	0	0	0	0	0	0	0	0	0	0	0	0	0	0	0	0	0	0	0	0	0	0	0	0	
0.00191276312110556	0.0051267532339522	0.0076125326481037	0.0100358866603136	0.012583259473033	0.0152390575630413	0.0178838733513498	0.0203671334721302	0.0225380581415401	0.0242668579598152	0.0254616519049621	0.0260760563618825	0.0261069087147945	0.0255857874984504	0.0245696057778633	0.0231319903082892	0.0213543890498338	0.0193175725617624	0.0170951637090519	0.0147488343748342	0.012325474439341	0.00985803218556873	0.00736758419788034	0.00487089826468113	0.00235103210445378	0	0	0	0	0	0	0	0	0	0	0	0	0	0	0	0	0	0	0	0	0	0	0	0	0	
0.00248274641885692	0.00659439156030279	0.00958641220437472	0.0123082699985237	0.0150894955529907	0.0179360424551952	0.0207091097173706	0.0232364933128616	0.02535728653751	0.026945374405766	0.0279233658621577	0.0282647653826673	0.0279877752947082	0.0271455340893884	0.0258158747555317	0.0240905867329916	0.0220645074655125	0.0198260356908562	0.017449863262675	0.0149928918009122	0.0124944019980478	0.00997905895055506	0.00745946392573546	0.00494323219303547	0.00241667498016705	0	0	0	0	0	0	0	0	0	0	0	0	0	0	0	0	0	0	0	0	0	0	0	0	0	
0.003090910119397	0.00815565417545237	0.011667005657648	0.0146672339231996	0.0176461094811197	0.0206357485000503	0.0234800387789917	0.025990047509692	0.0280012249034205	0.0293964546076213	0.0301159300487635	0.0301547498581878	0.0295542590073116	0.0283908991238821	0.026763675092641	0.024780779115938	0.0225467681052921	0.0201520438884315	0.0176665080143904	0.0151385329080416	0.0125977861135879	0.0100594728356631	0.0075280714753911	0.00500365570468594	0.00247634064409885	0	0	0	0	0	0	0	0	0	0	0	0	0	0	0	0	0	0	0	0	0	0	0	0	0	
0.00371695753479394	0.00976330038323244	0.0137991602650199	0.0170556490377439	0.0201936670013221	0.0232782025625204	0.0261399886129472	0.0285786608852107	0.0304316272148141	0.0315946897860615	0.0320279576118116	0.0317500528290768	0.0308271784958786	0.0293595645466542	0.0274658561337217	0.0252669154533149	0.0228713625632104	0.020365713357621	0.0178110029172349	0.0152448663397694	0.0126863603808522	0.0101416492587826	0.00760872333121876	0.00508242055905649	0.00255595556087437	0	0	0	0	0	0	0	0	0	0	0	0	0	0	0	0	0	0	0	0	0	0	0	0	0	
0.00433912496021781	0.0113674445045277	0.0159267265390055	0.0194183136914137	0.0226778000329177	0.0258118445627409	0.0286439622744847	0.0309673945537437	0.0326259665466271	0.0335313774041275	0.0336656608825192	0.0330725939312909	0.0318438972991101	0.0301024180651964	0.0279830311385008	0.0256138783417245	0.0231018088793061	0.0205250910854626	0.0179334414410257	0.0153528064827749	0.0127921501760976	0.0102501959282751	0.00772038486859761	0.00519460596531062	0.00266817505127312	0	0	0	0	0	0	0	0	0	0	0	0	0	0	0	0	0	0	0	0	0	0	0	0	0	
0.00493561793767943	0.0129184212299893	0.0179951811492547	0.0217041738797322	0.0250510937565634	0.0281946968307002	0.0309587137537554	0.0331344471702512	0.0345755198616355	0.035211850271696	0.035048868412365	0.0341561770902582	0.0326502365845492	0.0306736498377307	0.0283726547904341	0.0258770697870861	0.023287414642209	0.0206709714294485	0.0180650965352592	0.0154845617211817	0.0129298485035397	0.0103941847417381	0.00786829317037619	0.00534297186642627	0.00281482190165006	0	0	0	0	0	0	0	0	0	0	0	0	0	0	0	0	0	0	0	0	0	0	0	0	0	
0.00548592452354327	0.0143692997096507	0.0199536551487795	0.0238677247990685	0.027273990504084	0.0303944612400151	0.0330618177086818	0.0350693034718624	0.0362827224224807	0.0366518011390389	0.0362059393063303	0.0350399790357465	0.0332928639529645	0.0311227889601572	0.0286821718487305	0.0260978989348468	0.023461143630918	0.0208269494871293	0.0182207018964855	0.0156475520562374	0.0131014699260323	0.0105720732964867	0.00804887798935455	0.00552282068463627	0.0029913030879258	0	0	0	0	0	0	0	0	0	0	0	0	0	0	0	0	0	0	0	0	0	0	0	0	0	
0.00597189499949512	0.0156778917727375	0.0217563383852636	0.0258696575448865	0.0293148619101785	0.0323878310490986	0.0349401125551442	0.0367704001513219	0.0377580205103083	0.0378731679870492	0.0371687221554022	0.0357628775432165	0.0338136112254243	0.0314901064596096	0.0289464631009415	0.0263033966130324	0.0236412037371207	0.0210028480627012	0.0184031605273823	0.0158396246795629	0.0133016331698108	0.0107768011850694	0.00825449714428675	0.00572644050593422	0.00319063621715644	0	0	0	0	0	0	0	0	0	0	0	0	0	0	0	0	0	0	0	0	0	0	0	0	0	
0.00637852774131997	0.0168081970831447	0.0233633251342382	0.0276768897303659	0.0311494447186176	0.0341593100352697	0.0365878225789598	0.0382425605424087	0.0390166340652189	0.0389003047145463	0.0379683771700768	0.0363594089922222	0.0342463698598748	0.0318051937833155	0.0291882782246377	0.0265083267185553	0.0238346163234664	0.0211992360158838	0.0186083466283329	0.0160537336222401	0.0135218980599761	0.0109996357180071	0.00847678657436565	0.00594607521349886	0.0034060736023054	0	0	0	0	0	0	0	0	0	0	0	0	0	0	0	0	0	0	0	0	0	0	0	0	0	
0.00669445031642682	0.0177313113781343	0.0247410142851612	0.0292621518012172	0.0327598539015929	0.0356997751828421	0.0380045915065935	0.0394944950824255	0.0400756620905173	0.0397569037599993	0.0386324636647345	0.036857603380828	0.034616253940346	0.0320876439183896	0.0294203040696842	0.0267184040685575	0.0240411313752263	0.0214114693538462	0.0188289026052869	0.0162812991732103	0.0137535638633382	0.0112324205408511	0.00870846415525316	0.00617537496677137	0.00363229643660409	0	0	0	0	0	0	0	0	0	0	0	0	0	0	0	0	0	0	0	0	0	0	0	0	0	
0.00691212442907757	0.0184258739660462	0.0258621970096495	0.0306033115332547	0.0341333627858121	0.0370049591791972	0.0391936341382066	0.0405366331068346	0.0409517855257154	0.0404638559517847	0.0391833591935921	0.0372784011933522	0.0349402196773352	0.0323488032296134	0.0296478397697368	0.0269335071955057	0.024256487229981	0.0216326621447514	0.0190567496463487	0.0165141477160509	0.0139890489566537	0.0114685161207105	0.00894394070221399	0.00640973876590784	0.00386561224677136	0	0	0	0	0	0	0	0	0	0	0	0	0	0	0	0	0	0	0	0	0	0	0	0	0	
0.0070278241572922	0.0188781513305122	0.026705967269831	0.0316826122633739	0.0352611064679163	0.0380739844698291	0.0401601571979088	0.0413794291534684	0.0416596529721338	0.041038040115553	0.0396377711711087	0.0376360697106402	0.0352283904073559	0.0325938638887106	0.0298713378393035	0.0271502477744477	0.0244747147469188	0.0218555724875121	0.0192844390286566	0.0167453265713995	0.0142222961103963	0.0117029061361467	0.00917920062582876	0.00664604504761805	0.00410364573880921	0	0	0	0	0	0	0	0	0	0	0	0	0	0	0	0	0	0	0	0	0	0	0	0	0	
0.00704144119981045	0.0190818631905526	0.0272575811654972	0.0324859739490799	0.0361368289582478	0.0389080241564524	0.0409101162263892	0.042032197295467	0.0422109323678875	0.0414918569966703	0.0400069304981767	0.0379390987170469	0.0354855882463534	0.0328237942754539	0.0300883806016487	0.0273637492369684	0.0246895884111344	0.0220735895148372	0.0195056502223493	0.0169692440912673	0.0144486501627351	0.0119318627347296	0.00941135909724473	0.0068821678622613	0.00434485635254089	0	0	0	0	0	0	0	0	0	0	0	0	0	0	0	0	0	0	0	0	0	0	0	0	0	
0.00695617540603351	0.0190378559225993	0.0275083548656509	0.0330024523365053	0.0367557624581198	0.0395091406818225	0.0414493289500295	0.04250245264706	0.0426138960034409	0.0418332244026645	0.0402971258416975	0.0381912578200386	0.0357127208327594	0.0330367806506261	0.030295018692017	0.0275687817353954	0.0248953802968126	0.022281057257878	0.0197152360939506	0.0171815077167984	0.0146644863168232	0.0121524749520598	0.00963818791181217	0.00711648515891788	0.00458806446229549	0	0	0	0	0	0	0	0	0	0	0	0	0	0	0	0	0	0	0	0	0	0	0	0	0	
0.00677816466031178	0.0187536773862243	0.0274556303732722	0.0332239451193006	0.0371137639485318	0.0398793514268175	0.0417828813620312	0.0427956168732315	0.042873360294943	0.0420658659748089	0.040510399299185	0.0383925337206485	0.0359077456562219	0.0332291713668468	0.0304866390209979	0.0277603219247874	0.0250870500522454	0.0224732950641494	0.0199091087066512	0.0173785989583826	0.0148668045099172	0.0123622753303636	0.00985771386960847	0.00734745660730692	0.00483209877980333	0	0	0	0	0	0	0	0	0	0	0	0	0	0	0	0	0	0	0	0	0	0	0	0	0	
0.00651606095801094	0.0182430614614749	0.0271028567752214	0.0331452834598731	0.0372068194788145	0.0400198504726542	0.0419146488808977	0.0429149860815281	0.042990969348043	0.0421898092302666	0.0406451340510227	0.0385396987131226	0.0360662905717571	0.0333961156747086	0.0306583064822066	0.0279335631671512	0.0252602325301036	0.022646538054403	0.0200839512038336	0.0175575380284085	0.0150529972611129	0.0125589778170095	0.0100679053187616	0.00757336390008294	0.00507557863693315	0	0	0	0	0	0	0	0	0	0	0	0	0	0	0	0	0	0	0	0	0	0	0	0	0	
0.00618055488468734	0.0175254064948259	0.0264598535456405	0.0327646776400688	0.0370308218070925	0.0399303254246276	0.0418469625953042	0.0428620246928252	0.0429657385329197	0.0422017759077872	0.0406963288588314	0.0386267623266868	0.0361821597616478	0.0335316421833926	0.0308045182218061	0.028083841472436	0.0254111806487174	0.0227975835050155	0.0202368836072217	0.0177157763441124	0.0152207052529147	0.0127402568519147	0.0102665491459438	0.00779222832765435	0.00531677130655615	0	0	0	0	0	0	0	0	0	0	0	0	0	0	0	0	0	0	0	0	0	0	0	0	0	
0.0057839386527452	0.0166252529504767	0.025543041877863	0.0320843110772781	0.0365817558558506	0.0396087429136746	0.0415805639028077	0.0426366413772325	0.0427943542861625	0.0420954638292514	0.0406561155297189	0.0386454555468289	0.0362471690077473	0.0336281565152745	0.0309190803408737	0.028206518538547	0.0255361879013388	0.0229233330140463	0.0203654131406567	0.0178510783773647	0.0153676018797938	0.0129037285664131	0.0104513002286075	0.00800176868229802	0.00555355445817771	0	0	0	0	0	0	0	0	0	0	0	0	0	0	0	0	0	0	0	0	0	0	0	0	0	
0.00533965918000899	0.015571438168441	0.0243754519754878	0.0311114406769525	0.0358568829564271	0.0390516400461564	0.0411142047415493	0.0422369119193704	0.0424715703421953	0.0418625592303753	0.040514438501141	0.038584767392998	0.03625046152341	0.0336765267426841	0.0309949532334439	0.0282959584921123	0.0256308940388866	0.0230207606915887	0.0204671859968437	0.0179611270042598	0.0154913862720013	0.013047090912432	0.0106196797917358	0.00819941756972189	0.005783512985553	0	0	0	0	0	0	0	0	0	0	0	0	0	0	0	0	0	0	0	0	0	0	0	0	0	
0.00486161079156855	0.0143961186220177	0.0229870992418562	0.0298601704869477	0.0348561427134155	0.0382539790398046	0.040443900348683	0.0416593779431187	0.0419916747914865	0.0414935477352059	0.0402582975656157	0.0384304786983515	0.0361792252968232	0.0336658852067688	0.0310226663259108	0.0283446750800109	0.0256902888491835	0.0230863322940328	0.020539200022279	0.0180434161629006	0.0155898838384177	0.0131680151485974	0.0107690886328961	0.00838250039789717	0.00600402565291052	0	0	0	0	0	0	0	0	0	0	0	0	0	0	0	0	0	0	0	0	0	0	0	0	0	
0.00436351471894888	0.0131343597484762	0.0214152616225523	0.0283520163837836	0.0335828154086283	0.0372100490635822	0.0395642266854494	0.0409002387490049	0.0413482772237345	0.0409764463926389	0.0398721900350354	0.0381671786978959	0.0360184911330447	0.0335813325573911	0.0309896020539695	0.0283437287840459	0.0257076523206261	0.0231145644153637	0.0205775631775151	0.0180952009036632	0.0156605878105227	0.0132639709022494	0.0108969759474659	0.00854834187481775	0.00621230287598391	0	0	0	0	0	0	0	0	0	0	0	0	0	0	0	0	0	0	0	0	0	0	0	0	0	
0.00385889948330062	0.0118227173155731	0.0197023725061637	0.0266158676120125	0.0320471011041291	0.0359178734895893	0.038469824773635	0.039952937600758	0.040531638279183	0.0402988769535459	0.039342176157077	0.0377773974488446	0.0357478309009099	0.0334044980793279	0.0308814083138285	0.0282807755201042	0.0256724672154239	0.0230979703086352	0.020577184845582	0.018112408270452	0.0157001375834671	0.0133322413891187	0.0110007495195272	0.0086941813687737	0.00640550650230292	0	0	0	0	0	0	0	0	0	0	0	0	0	0	0	0	0	0	0	0	0	0	0	0	0	
0.00336021698855874	0.0104959906177131	0.0178949008843792	0.0246921400137445	0.0302713567873105	0.0343801325733236	0.0371516846830051	0.0388061004432153	0.0395337571741013	0.0394529736773623	0.0386522122591263	0.0372377068216354	0.0353449589079934	0.0331162514701259	0.0306788456530115	0.0281377042687798	0.0255710403467947	0.0230266411592748	0.0205299321421869	0.0180886881488721	0.0157041409400603	0.0133694073828006	0.0110773215746229	0.00881715151110978	0.00658081642393346	0	0	0	0	0	0	0	0	0	0	0	0	0	0	0	0	0	0	0	0	0	0	0	0	0	
0.00287631213424391	0.00918834767118952	0.0160474764604325	0.0226328037737783	0.0282851940069524	0.0326004658165647	0.0356014730372196	0.0374549222207464	0.0383514022690086	0.0384245893443642	0.0377797417033254	0.0365282700097633	0.0347902145363633	0.0326907257043645	0.0303554550897011	0.0278938781476579	0.0253862769942635	0.0228850771971116	0.0204237124606714	0.0180153838893715	0.0156660380484603	0.013370344643574	0.0111227604630472	0.00891409639830931	0.00673527647806064	0	0	0	0	0	0	0	0	0	0	0	0	0	0	0	0	0	0	0	0	0	0	0	0	0	
0.00241396215030256	0.00793598053420075	0.0142159010837339	0.0204882655618022	0.0261243480211891	0.0305996310547541	0.0338314119814754	0.03589824982844	0.0369642318602073	0.0371920983729619	0.0367152396304979	0.0356350052455207	0.0340540377527193	0.0320962049754442	0.0298855575649775	0.0275246962301673	0.025093747552402	0.0226526432022494	0.0202425742268854	0.0178799193361138	0.0155757895417996	0.0133275794955395	0.0111317177433447	0.00898094994912457	0.00686557452301774	0	0	0	0	0	0	0	0	0	0	0	0	0	0	0	0	0	0	0	0	0	0	0	0	0	
0.00198352780338867	0.00676382231935808	0.0124407250128263	0.0183157821215926	0.0238562477610933	0.0284314390668956	0.0318537938947279	0.0341083325106961	0.0353520721071798	0.0357607654795751	0.0354517447000884	0.0345258271108241	0.0331052057536728	0.0313093887809382	0.0292408375034193	0.0269964965186288	0.0246638318004435	0.0223057350874822	0.0199651142517012	0.0176637841895252	0.0154197260641575	0.0132305959557534	0.0110963232827299	0.00901216237647594	0.00696766509679466	0	0	0	0	0	0	0	0	0	0	0	0	0	0	0	0	0	0	0	0	0	0	0	0	0	
0.00158555185103795	0.00568234711454729	0.0107772622601783	0.0162073370511836	0.0215682521793908	0.0261270660239623	0.029650248464314	0.0320900639006453	0.0335466885957301	0.0341210276253304	0.0339453865775923	0.0331773509387246	0.0319338488877122	0.0303020820655943	0.0283820889765268	0.02627629222052	0.0240662905343251	0.0218133988911429	0.019564450699432	0.0173443031875062	0.0151791536185936	0.0130649114236914	0.0110056130468441	0.00900012898834212	0.00703610427609665	0	0	0	0	0	0	0	0	0	0	0	0	0	0	0	0	0	0	0	0	0	0	0	0	0	
0.0011937487971328	0.00473225727875394	0.00931874693661896	0.0142339879724141	0.0192862435280291	0.0236978180660661	0.0273006631739096	0.0299303832144861	0.0315222734583634	0.0322041224965523	0.0321882689968267	0.0315988517476543	0.0305119150088961	0.0290346895357192	0.02727990347233	0.0253340177089619	0.0232663908461005	0.0211404275148768	0.0190091983421023	0.0168959041943211	0.0148305790586309	0.0128109245928566	0.0108457480200434	0.00893440650616181	0.00706365032297419	0	0	0	0	0	0	0	0	0	0	0	0	0	0	0	0	0	0	0	0	0	0	0	0	0	
0.000823812664377404	0.00396019480615458	0.00807991101532072	0.0123748997569727	0.0170543996034598	0.0213399344732321	0.0249664626060633	0.0275688194116773	0.0291915199678571	0.0300486247944272	0.0302134316113144	0.0297466010075856	0.02879526123209	0.0274917207869623	0.02591393698035	0.0241333582040152	0.0222271914258153	0.0202561441505682	0.0182659776293102	0.0162863495671248	0.0143496902618809	0.0124453550937494	0.0105990163102825	0.00880229000399549	0.00704113091059526	0	0	0	0	0	0	0	0	0	0	0	0	0	0	0	0	0	0	0	0	0	0	0	0	0	
0.000548454908741508	0.00330193438873379	0.00700118133486236	0.0107135779393716	0.0151708570543517	0.0192261037500913	0.0224781919632747	0.0249285872530111	0.0267195928111313	0.0277227837824722	0.0279347549431766	0.0275711516339999	0.0267910860748128	0.0256592026005105	0.0242490974349596	0.0226465567237827	0.0209208329317756	0.0191273229933159	0.0173052952985932	0.0154829001931174	0.0137067568386735	0.0119473825701921	0.0102453301222381	0.00858924660790995	0.00695724008287681	0	0	0	0	0	0	0	0	0	0	0	0	0	0	0	0	0	0	0	0	0	0	0	0	0	
0.00019027320784532	0.00275936082703024	0.00633526179656872	0.0096455313646248	0.0137150887014019	0.0169488288957334	0.0198099616687416	0.022405856699015	0.0241933483533284	0.0250578792563565	0.0253154612536094	0.025119359632655	0.0244866757281036	0.0234983725232229	0.0222641832677583	0.0208574215645885	0.0193273770159574	0.0177247203344882	0.0160969364959586	0.0144648958125506	0.0128690335203781	0.0112909934845892	0.00977271570852209	0.00827750297732849	0.00680034902981632	0	0	0	0	0	0	0	0	0	0	0	0	0	0	0	0	0	0	0	0	0	0	0	0	0	
-0.000496627482333093	0.00263518073283699	0.00659350974388266	0.00907251735165441	0.0119537524104853	0.0146889012729043	0.017749225773339	0.0200102124022526	0.0212780193569053	0.0220802211285083	0.0224807017862783	0.022366071952178	0.0218266156791537	0.0210011149769393	0.0199585633509487	0.0187481148765917	0.0174273962265815	0.0160384985556845	0.0146170839695621	0.0132055161367758	0.0118219168194628	0.0104403020454342	0.00916635750722513	0.00785867167654014	0.00656648648954752	0	0	0	0	0	0	0	0	0	0	0	0	0	0	0	0	0	0	0	0	0	0	0	0	0	
-0.000702304859172261	0.00306993798105787	0.00724764594293406	0.00778579249970797	0.0104340387819059	0.0138003815557568	0.01597535109462	0.0170951934545408	0.0181711401876108	0.0190504121465231	0.0193734993774908	0.0192442472984214	0.0188297263618227	0.0181763970911655	0.0173183512798886	0.0163118025603684	0.0152112477371592	0.0140560918528061	0.0128663436148169	0.0116791764707745	0.010540285214411	0.0093932413180744	0.00838312525532608	0.00733217603935568	0.00628336214963779	0	0	0	0	0	0	0	0	0	0	0	0	0	0	0	0	0	0	0	0	0	0	0	0	0	
-4.83706997484455e-05	0.00380176332790224	0.00707754702867274	0.00712875936273178	0.0112946999156753	0.0130066460979265	0.0131935903538329	0.0141334567124431	0.0152568570700798	0.0157904010213677	0.015909890567041	0.0158301454573998	0.0155351955085498	0.0150221979465377	0.0143477115536728	0.0135615317455253	0.0126937205806876	0.0117752806080231	0.0108439062674204	0.00990758798624819	0.00898789216559843	0.0081366618517527	0.00741067230945198	0.00662100345551897	0.0059883221444496	0	0	0	0	0	0	0	0	0	0	0	0	0	0	0	0	0	0	0	0	0	0	0	0	0	
-0.00211230571525091	0.00405447070082276	0.0101691821191455	0.011610893010409	0.0118228923409675	0.0101710517143778	0.0105125403538434	0.0116227310827133	0.0120360499600611	0.0121221240482474	0.0122050963985073	0.0121645607175409	0.0119338163708799	0.0115585519135308	0.0110775735056428	0.0105124445074358	0.00988401371248891	0.00920970755262459	0.00852621320988753	0.00785836589638014	0.0071706898429256	0.0065467180344457	0.00616406196717103	0.0055917944506963	0.00546017940385405	0	0	0	0	0	0	0	0	0	0	0	0	0	0	0	0	0	0	0	0	0	0	0	0	0	
-0.00749667402015062	0.00443326582726416	0.02225083025846	0.0153939591672135	0.00876277195821031	0.00787034236236058	0.0088182694226041	0.00875745966079484	0.00837323010383459	0.00830592263493825	0.00831469826606148	0.00821190363894968	0.0080253557396785	0.00778084729173687	0.00747330661082437	0.00710849313458319	0.00670194719621963	0.00626762897448533	0.00581925142146549	0.00537390833984057	0.00495358077883649	0.00454827532295362	0.00426826280883489	0.00414848350764363	0.00413120546524298	0	0	0	0	0	0	0	0	0	0	0	0	0	0	0	0	0	0	0	0	0	0	0	0	0	
-0.00386143165750881	0.0121673515362431	0.024112218516422	0.00904531588948668	0.00478086716919309	0.00620673176165532	0.00594266518935362	0.00497625795024055	0.0045755781151219	0.00443675713994441	0.00427324146677482	0.00411032369426385	0.00396463030000026	0.00380710682765793	0.00362760882334235	0.00343025316592243	0.00321760817338995	0.00299807454754086	0.00277770518657699	0.00254420241863073	0.00234825554617673	0.00220465104495038	0.00196071415611134	0.00199227217548775	0.00227665304244252	0	0	0	0	0	0	0	0	0	0	0	0	0	0	0	0	0	0	0	0	0	0	0	0	0	
0.00346908574240241	0.0102594758092515	0.0062595297283425	-1.65711007211083e-05	0.000732834058509716	0.00157555908437954	0.00110827680875691	0.000806438550111282	0.000810566314301394	0.000783918505066784	0.000720873115966778	0.000685060778298949	0.000660207342857815	0.000628765788168788	0.000594526635069779	0.000559820223879919	0.00052267664324757	0.000484858277946898	0.000448978433152563	0.000407597937838301	0.000371084497223087	0.00036624403939529	0.000310525514020632	0.000242517611476975	0.000558914979978107	0	0	0	0	0	0	0	0	0	0	0	0	0	0	0	0	0	0	0	0	0	0	0	0	0	
