-4.99533257743565e-06	-1.47213887838022e-05	-1.54803195990305e-05	-1.4521349541544e-05	-1.14254753358555e-05	-6.55122310039029e-06	-1.04785344958466e-06	4.64364759836413e-06	1.04073198324804e-05	1.62306868733006e-05	2.22652834924893e-05	2.88562313456424e-05	3.59907196763562e-05	4.32517783573465e-05	5.19007932312832e-05	6.26072542907989e-05	6.84274142173354e-05	7.27124520672894e-05	0.000100861620172366	0.000104231294970511	0	0	0	0	0	0	0	0	0	0	0	0	0	0	0	0	0	0	0	0	0	0	0	0	0	0	0	0	0	0	0	0	0	0	0	0	0	0	0	0	
-3.32109899101939e-05	-8.10503023064692e-05	-9.42320120826162e-05	-8.59759830729782e-05	-6.35227984354362e-05	-3.06715646397412e-05	7.21586155162875e-06	4.68418044541803e-05	8.70422902853544e-05	0.000127970799625971	0.000170665569248353	0.00021635406084266	0.000265404664840238	0.000318388768644502	0.000376894191067436	0.000436638448165394	0.000489871344772217	0.000551546216334863	0.000626626303691896	0.000614416265265753	0	0	0	0	0	0	0	0	0	0	0	0	0	0	0	0	0	0	0	0	0	0	0	0	0	0	0	0	0	0	0	0	0	0	0	0	0	0	0	0	
-7.15151738590827e-05	-0.00017894404994425	-0.000213671287557382	-0.000187875285576911	-0.000124402304754324	-3.6219612793846e-05	6.48135986589559e-05	0.000171115792167422	0.000279612490852228	0.000390744510155032	0.000506669350819686	0.000629583170143711	0.000761190134155458	0.000902031231209667	0.0010485431868565	0.0011946725978687	0.00133969638082749	0.00147743179902565	0.00157251664171663	0.00158306291614979	0	0	0	0	0	0	0	0	0	0	0	0	0	0	0	0	0	0	0	0	0	0	0	0	0	0	0	0	0	0	0	0	0	0	0	0	0	0	0	0	
-0.00010951603185908	-0.00027589020907458	-0.000325493445655521	-0.000267404886962224	-0.000141397302534701	2.74842582580659e-05	0.00021935711549414	0.000422408822183005	0.00063165117750882	0.000847326482717644	0.00107222299545599	0.00130943126197224	0.00156016975516852	0.0018207353708749	0.0020839895786896	0.00234406858878149	0.00258647211714554	0.00278092827842894	0.00290948430952947	0.00296146095737903	0	0	0	0	0	0	0	0	0	0	0	0	0	0	0	0	0	0	0	0	0	0	0	0	0	0	0	0	0	0	0	0	0	0	0	0	0	0	0	0	
-0.000139166417421446	-0.000345334086034499	-0.000389862610476663	-0.000278458345861929	-6.83145539581197e-05	0.000204878976886723	0.000513376266936894	0.000841177960342611	0.00118156078760979	0.00153412599800601	0.00190149646495326	0.00228549336332537	0.0026831593743168	0.00308641536013767	0.00348443241651028	0.00385901961538403	0.00418172196735109	0.00442953998038911	0.00458620828654425	0.0046303462964078	0	0	0	0	0	0	0	0	0	0	0	0	0	0	0	0	0	0	0	0	0	0	0	0	0	0	0	0	0	0	0	0	0	0	0	0	0	0	0	0	
-0.000151173353098753	-0.000364768035210704	-0.000374900281461523	-0.000184182059847732	0.000133345612306186	0.000533617277353351	0.000982886186882817	0.00146142372306746	0.0019606031429112	0.00247887065719364	0.00301661797942157	0.00357105772457603	0.00413374787511608	0.00469062153573002	0.00521978056862329	0.00569177551884598	0.00607923878845139	0.0063597671532842	0.00650764715126951	0.00650967511033195	0	0	0	0	0	0	0	0	0	0	0	0	0	0	0	0	0	0	0	0	0	0	0	0	0	0	0	0	0	0	0	0	0	0	0	0	0	0	0	0	
-0.000137602756890374	-0.000313268631979441	-0.000253194882029408	4.55849414349362e-05	0.000494747024454382	0.00104419308238966	0.00165631033936999	0.00230873729464727	0.00299062984996718	0.00369751130307772	0.00442479295260496	0.00516313441813421	0.00589631183973325	0.00659945174044693	0.00724051158308931	0.00778748402778132	0.00821135953714997	0.00848484113002409	0.00858767583970398	0.00851592103551032	0	0	0	0	0	0	0	0	0	0	0	0	0	0	0	0	0	0	0	0	0	0	0	0	0	0	0	0	0	0	0	0	0	0	0	0	0	0	0	0	
-9.13897797430175e-05	-0.00017226240678362	-8.28623047199655e-07	0.000435608136828879	0.00103973284950717	0.00175876699773638	0.00255319043449801	0.00339880379190601	0.00428163924151371	0.0051919193388703	0.00611783477397915	0.00704103696943464	0.00793410858377799	0.00876193651340768	0.00948756429156341	0.010076217378011	0.0104964363147377	0.0107253358624691	0.0107500946787146	0.0105720163217061	0	0	0	0	0	0	0	0	0	0	0	0	0	0	0	0	0	0	0	0	0	0	0	0	0	0	0	0	0	0	0	0	0	0	0	0	0	0	0	0	
-5.94898595684462e-06	7.43085397131848e-05	0.000401769986438688	0.00100481436071808	0.00178472555174189	0.00269067091451212	0.00368321714116914	0.0047361087279338	0.00583067414981107	0.00694974046870192	0.00807170139368234	0.00916649239210257	0.0101957574641242	0.0111175444406192	0.011891123855881	0.0124802889663552	0.012857898594332	0.0130084403567662	0.0129247268513518	0.0126154918637928	0	0	0	0	0	0	0	0	0	0	0	0	0	0	0	0	0	0	0	0	0	0	0	0	0	0	0	0	0	0	0	0	0	0	0	0	0	0	0	0	
0.000124399398129976	0.000439667323004583	0.000969067665205248	0.0017653154013164	0.00273827258497755	0.00384428699754652	0.00504575312472941	0.00631348869764741	0.00762216104978665	0.00894481088633596	0.0102477097185154	0.0114889046470423	0.0126214146620742	0.0135982674906973	0.014377337912247	0.0149263094190843	0.0152252729523665	0.0152657300405609	0.0150484950462145	0.014589317290493	0	0	0	0	0	0	0	0	0	0	0	0	0	0	0	0	0	0	0	0	0	0	0	0	0	0	0	0	0	0	0	0	0	0	0	0	0	0	0	0	
0.000303968447423282	0.000933245680260956	0.0017097474341763	0.00272191696509043	0.00390067818923591	0.00521494941974347	0.0066301197730085	0.00811283767048958	0.00962878487100863	0.011138957329275	0.0125969937259093	0.0139505958164303	0.0151461524771076	0.016134487682327	0.0168765507319032	0.0173467597064055	0.0175328530298297	0.017434718548286	0.0170621367236964	0.0164358700804453	0	0	0	0	0	0	0	0	0	0	0	0	0	0	0	0	0	0	0	0	0	0	0	0	0	0	0	0	0	0	0	0	0	0	0	0	0	0	0	0	
0.000535309150158472	0.00155974339019362	0.002626003573005	0.00387199363761182	0.00526412281877254	0.00678930596538565	0.00841648409532364	0.010106369488235	0.0118134751763534	0.0134857508548921	0.0150650319567677	0.0164905768317355	0.0177050413627699	0.0186609857447136	0.0193252539588865	0.0196799483265095	0.0197214752155703	0.019458665700992	0.0189097872500019	0.0181001608245696	0	0	0	0	0	0	0	0	0	0	0	0	0	0	0	0	0	0	0	0	0	0	0	0	0	0	0	0	0	0	0	0	0	0	0	0	0	0	0	0	
0.00081884249607979	0.00231850108903576	0.00371317352118718	0.00520561380257757	0.0068132889525712	0.00854629660729901	0.0103771071633559	0.0122585612208836	0.0141326301118388	0.0159343717398098	0.0175953004202953	0.0190489449776823	0.0202378340047713	0.0211191173852212	0.0216669166115843	0.0218720248858446	0.021740064329494	0.0212885799161476	0.0205444538868476	0.019538334773933	0	0	0	0	0	0	0	0	0	0	0	0	0	0	0	0	0	0	0	0	0	0	0	0	0	0	0	0	0	0	0	0	0	0	0	0	0	0	0	0	
0.00115261912420482	0.00320318922286069	0.00495983440110673	0.00670610414395857	0.00852633837834607	0.0104584656255276	0.0124781316875504	0.0145287983587103	0.0165393738409877	0.0184329474939855	0.0201330287450496	0.021570672942446	0.0226911891773387	0.0234581045226526	0.0238539969808032	0.0238790587041793	0.0235482996544856	0.0228883544196012	0.0219352315406891	0.0207259994721584	0	0	0	0	0	0	0	0	0	0	0	0	0	0	0	0	0	0	0	0	0	0	0	0	0	0	0	0	0	0	0	0	0	0	0	0	0	0	0	0	
0.00153225696815664	0.00420186719686232	0.00634832658130125	0.00835101463299819	0.0103761379519268	0.0124935595375291	0.0146818050053917	0.0168740649299109	0.0189864224605589	0.0209317241545474	0.022628327235145	0.0240077098866655	0.0250200811982185	0.0256368040944974	0.0258498655271678	0.0256693957896243	0.0251204407313481	0.0242395323993749	0.0230720398004628	0.0216622044895138	0	0	0	0	0	0	0	0	0	0	0	0	0	0	0	0	0	0	0	0	0	0	0	0	0	0	0	0	0	0	0	0	0	0	0	0	0	0	0	0	
0.00195105650488812	0.00529744072061596	0.00785562777497496	0.0101133024679779	0.0123317102729648	0.0146163555964299	0.0169486739735402	0.0192513579684035	0.0214287044097682	0.0233856229956628	0.0250380676457619	0.0263203008839397	0.0271891892969393	0.0276251528127334	0.0276304375943514	0.0272259930808099	0.0264478580387841	0.0253430330919791	0.0239659024942941	0.0223677589093087	0	0	0	0	0	0	0	0	0	0	0	0	0	0	0	0	0	0	0	0	0	0	0	0	0	0	0	0	0	0	0	0	0	0	0	0	0	0	0	0	
0.00240028726822655	0.00646844921844888	0.0094544654928965	0.0119626537860195	0.0143597967200573	0.0167904592099024	0.0192395519471994	0.0216198181489007	0.0238254446562242	0.0257558437065233	0.0273270032900653	0.0284779828157737	0.029173798139583	0.0294050268757428	0.029185221259057	0.0285472189156002	0.027538749398708	0.0262172349386782	0.0246449894988126	0.0228791991304493	0	0	0	0	0	0	0	0	0	0	0	0	0	0	0	0	0	0	0	0	0	0	0	0	0	0	0	0	0	0	0	0	0	0	0	0	0	0	0	0	
0.00286961486567824	0.00769008300167382	0.011114568254108	0.0138668541354924	0.0164263480088329	0.0189799098255723	0.0215172311262581	0.0239423980485113	0.0261414927671564	0.0280107723716174	0.0294684206686945	0.030460013221804	0.0309600234378959	0.0309703468510287	0.0305169647307959	0.0296454018793346	0.0284151602258159	0.0268932458796936	0.0251481193837619	0.0232408776116561	0	0	0	0	0	0	0	0	0	0	0	0	0	0	0	0	0	0	0	0	0	0	0	0	0	0	0	0	0	0	0	0	0	0	0	0	0	0	0	0	
0.00334761915630865	0.0089353405491707	0.0128039528222762	0.0157930716264248	0.0184978399278658	0.0211505507801552	0.0237478154584616	0.0261869416134078	0.0283480362577174	0.0301263802087863	0.0314442313624602	0.0322551547974728	0.0325443171866322	0.0323260657297891	0.0316396653247599	0.0305435462465835	0.0291083000550911	0.0274089245632938	0.0255177945953193	0.0234974995869644	0	0	0	0	0	0	0	0	0	0	0	0	0	0	0	0	0	0	0	0	0	0	0	0	0	0	0	0	0	0	0	0	0	0	0	0	0	0	0	0	
0.00382235709259356	0.0101762296794962	0.0144901395527242	0.0177089699307093	0.0205423739117172	0.0232710897733208	0.0259015918872321	0.0283267487106764	0.0304228354847072	0.0320861113459846	0.0332445054061684	0.0338608623200114	0.0339321561790293	0.0334860500039094	0.0325754235324387	0.0312711226035991	0.0296534218392463	0.0278031977904207	0.0257943761379796	0.0236886012188064	0	0	0	0	0	0	0	0	0	0	0	0	0	0	0	0	0	0	0	0	0	0	0	0	0	0	0	0	0	0	0	0	0	0	0	0	0	0	0	0	
0.00428192430667252	0.0113849162914517	0.0161412263354425	0.0195836206669475	0.0225305143080323	0.0253138007932297	0.0279534850482574	0.0303407209161519	0.0323500216385927	0.0338803143031668	0.0348665415330123	0.0352819090852275	0.0351360317735707	0.0344702889521948	0.0333508727627681	0.0318598792252016	0.0300853423218318	0.028111698069206	0.0260122170743735	0.0238454850694025	0	0	0	0	0	0	0	0	0	0	0	0	0	0	0	0	0	0	0	0	0	0	0	0	0	0	0	0	0	0	0	0	0	0	0	0	0	0	0	0	
0.00471497065784526	0.0125347514704638	0.0177267894508911	0.0213881911600649	0.0244358361178342	0.0272548927495203	0.0298831663481336	0.0322131476074575	0.0341195321186536	0.0355053295324044	0.0363135699205726	0.0365285993280494	0.0361730874685681	0.0353019751165218	0.0339938505564284	0.0323403884516435	0.0304352214442202	0.0283641135412172	0.0261978457470814	0.0239903703032409	0	0	0	0	0	0	0	0	0	0	0	0	0	0	0	0	0	0	0	0	0	0	0	0	0	0	0	0	0	0	0	0	0	0	0	0	0	0	0	0	
0.0051111382273005	0.0136011355550732	0.0192185940019475	0.0230964006845799	0.0262352027798659	0.029074595440587	0.0316748743202519	0.0339332098862308	0.0357262930871181	0.0369623417390576	0.0375932268331094	0.0376148248834327	0.0370627848089716	0.0360049042123648	0.0345307656708752	0.03273968062611	0.0307287494501844	0.028583143970455	0.0263698126323737	0.0241371163648354	0	0	0	0	0	0	0	0	0	0	0	0	0	0	0	0	0	0	0	0	0	0	0	0	0	0	0	0	0	0	0	0	0	0	0	0	0	0	0	0	
0.00546140540452355	0.0145621957430911	0.0205911129272024	0.0246847683956865	0.0279088133176046	0.0307570108389566	0.0333170146242544	0.0354942981324402	0.0371692518098458	0.0382561157777806	0.0387159851230256	0.0385562224924922	0.0378248888607628	0.0366014730728941	0.0349848505216886	0.0330799884278406	0.0309855613010311	0.0287846736119411	0.0265396210816388	0.0242928025171317	0	0	0	0	0	0	0	0	0	0	0	0	0	0	0	0	0	0	0	0	0	0	0	0	0	0	0	0	0	0	0	0	0	0	0	0	0	0	0	0	
0.00575833023146751	0.0153992723446697	0.0218218742928943	0.0261326911253976	0.0294400611203904	0.0322897840461694	0.0348016169725634	0.0368932308060932	0.0384503546861716	0.0393937451634216	0.0396937086453618	0.0393686152143876	0.038477938729383	0.0371113699336902	0.035375265176464	0.0333784130053275	0.0312195363642258	0.0289786896599903	0.0267131826655062	0.0244595703763727	0	0	0	0	0	0	0	0	0	0	0	0	0	0	0	0	0	0	0	0	0	0	0	0	0	0	0	0	0	0	0	0	0	0	0	0	0	0	0	0	
0.00599619481658698	0.0160972265937682	0.0228916674268779	0.0274223923187421	0.030815251935452	0.033663652751019	0.0361237175601822	0.0381294499119267	0.0395735616783297	0.0403835220492619	0.0405384439034229	0.0400668331191477	0.0390382446482188	0.0375509045547063	0.0357168856883842	0.0336472332611468	0.0314396159288434	0.0291705284502342	0.0268923719651408	0.0246363382457739	0	0	0	0	0	0	0	0	0	0	0	0	0	0	0	0	0	0	0	0	0	0	0	0	0	0	0	0	0	0	0	0	0	0	0	0	0	0	0	0	
0.00617106124471197	0.0166445936826321	0.0237846405899038	0.0285387858176575	0.0320232321192769	0.0348719278869078	0.0372807224658488	0.0392042571236768	0.0405439688967804	0.0412339981938286	0.0412615021450287	0.0406639275792933	0.0395193588965143	0.0379328423746729	0.0360205603528522	0.0338945796417651	0.031650829753742	0.0293621473152191	0.0270764185939611	0.0248201889944125	0	0	0	0	0	0	0	0	0	0	0	0	0	0	0	0	0	0	0	0	0	0	0	0	0	0	0	0	0	0	0	0	0	0	0	0	0	0	0	0	
0.00628075430299684	0.0170336094267789	0.0244883230373082	0.0294692985849053	0.0330549753238133	0.0359099487349002	0.038271795162382	0.040120137513283	0.0413670832626066	0.0419532666877847	0.0418728334050053	0.0411707342718185	0.0399319165559958	0.0382665800425564	0.0362936265663047	0.034125245785659	0.0318553151741704	0.0295532422636784	0.0272630144504178	0.0250073773390299	0	0	0	0	0	0	0	0	0	0	0	0	0	0	0	0	0	0	0	0	0	0	0	0	0	0	0	0	0	0	0	0	0	0	0	0	0	0	0	0	
0.0063247873937073	0.0172601403048026	0.0249936025963284	0.030203692371948	0.0339031703710773	0.0367745476187055	0.0390972973837074	0.0408801968586056	0.0420482665093496	0.0425484619873918	0.0423806577746038	0.0415957088052049	0.0402837275775697	0.0385585104835518	0.0365405223694006	0.0343414814517413	0.0320532020452457	0.0297421307773611	0.0274491125963948	0.0251939890375237	0	0	0	0	0	0	0	0	0	0	0	0	0	0	0	0	0	0	0	0	0	0	0	0	0	0	0	0	0	0	0	0	0	0	0	0	0	0	0	0	
0.00630424726166557	0.0173235444892779	0.0252946850089719	0.0307339182000909	0.0345618480963265	0.0374635517505643	0.0397582978816564	0.041487718947909	0.0425923449471597	0.0430254545291133	0.0427913008621578	0.0419449506751608	0.0405800110410581	0.0388124575634872	0.0367633787170383	0.0345436740572295	0.0322433063178822	0.0299263876639536	0.0276314505898582	0.0253763213732831	0	0	0	0	0	0	0	0	0	0	0	0	0	0	0	0	0	0	0	0	0	0	0	0	0	0	0	0	0	0	0	0	0	0	0	0	0	0	0	0	
0.00622165122057823	0.0172264864666627	0.0253890546802563	0.0310540310518586	0.0350260795479776	0.0379753424764213	0.0402561518129308	0.0419458350128164	0.0430033676126057	0.0433887050187096	0.04310917574795	0.0422223391874056	0.0408236867725358	0.039030098031997	0.0369625234564387	0.0347308754920492	0.0324236239299952	0.0301032595279259	0.0278068514165227	0.0255510609360576	0	0	0	0	0	0	0	0	0	0	0	0	0	0	0	0	0	0	0	0	0	0	0	0	0	0	0	0	0	0	0	0	0	0	0	0	0	0	0	0	
0.00608078737298733	0.0169747220328092	0.0252774487961656	0.0311601836632598	0.0352917721685412	0.0383084887841743	0.0405921480091829	0.0422572878059115	0.0432844853558328	0.0436412395312144	0.0433368609546745	0.0424297243379246	0.0410156666260191	0.0392113186997754	0.0371368628594456	0.0349011686294155	0.0325916438599348	0.0302698928996381	0.0279723555935005	0.0257153279070183	0	0	0	0	0	0	0	0	0	0	0	0	0	0	0	0	0	0	0	0	0	0	0	0	0	0	0	0	0	0	0	0	0	0	0	0	0	0	0	0	
0.00588654483668342	0.0165768630324374	0.0249638476415873	0.0310507091478422	0.0353555878438784	0.0384614743221407	0.040767218850899	0.0424242634699663	0.0434379173920081	0.0437847129798789	0.0434752405463935	0.042567133323525	0.0411551056758351	0.0393544842369282	0.0372841395715226	0.035051886040831	0.0327445010793534	0.0304234142350808	0.0281252358801083	0.0258666330335296	0	0	0	0	0	0	0	0	0	0	0	0	0	0	0	0	0	0	0	0	0	0	0	0	0	0	0	0	0	0	0	0	0	0	0	0	0	0	0	0	
0.00564473789614299	0.0160441223769604	0.024455476060558	0.0307262970041801	0.0352150033870562	0.0384325352787918	0.0407817053395095	0.042448264215116	0.0434649782088058	0.0438195383718944	0.0435236793062829	0.0426329627995264	0.0412395982763371	0.0394566219287706	0.0374010775948803	0.0351796901714024	0.0328789963428148	0.030560905105426	0.0282629275375451	0.0260027680597255	0	0	0	0	0	0	0	0	0	0	0	0	0	0	0	0	0	0	0	0	0	0	0	0	0	0	0	0	0	0	0	0	0	0	0	0	0	0	0	0	
0.00536192463949754	0.0153900378070586	0.0237628052668206	0.0301902546547323	0.034868520529199	0.0382196244130051	0.0406351850398774	0.0423300122156943	0.0433661390069586	0.0437450482155792	0.0434802073204927	0.0426241570115531	0.041265337360788	0.0395135288910388	0.0374834122130394	0.0352805438127205	0.0329915280539761	0.0306792884326584	0.0283828787142576	0.026121655458972	0	0	0	0	0	0	0	0	0	0	0	0	0	0	0	0	0	0	0	0	0	0	0	0	0	0	0	0	0	0	0	0	0	0	0	0	0	0	0	0	
0.00504521955617341	0.014630170696848	0.0228995315447717	0.029448822517442	0.0343160274818089	0.0378205423980903	0.0403263945238246	0.0420693684308036	0.0431410746467329	0.0435596561458527	0.0433417285150803	0.0425363998248403	0.041227231151241	0.0395197915039747	0.037525845496067	0.0353496226696748	0.0330779397812647	0.0307751220182012	0.0284823481721603	0.02622117107718	0	0	0	0	0	0	0	0	0	0	0	0	0	0	0	0	0	0	0	0	0	0	0	0	0	0	0	0	0	0	0	0	0	0	0	0	0	0	0	0	
0.00470210202713835	0.0137817592985342	0.0218824955089864	0.0285115201863356	0.0335593284476027	0.0372332741941132	0.0398532538714707	0.0416652353309404	0.042788679295456	0.0432610439328252	0.0431042688255363	0.0423642843624801	0.0411189598237745	0.039468787955481	0.0375219958970347	0.035381148904931	0.0331332678639823	0.0308443574355915	0.0285581807656071	0.0262988997471467	0	0	0	0	0	0	0	0	0	0	0	0	0	0	0	0	0	0	0	0	0	0	0	0	0	0	0	0	0	0	0	0	0	0	0	0	0	0	0	0	
0.00434021749597942	0.012863317667655	0.0207315285586354	0.0273915091162667	0.0326028026781332	0.0364564868731475	0.0392130105190006	0.0411155230648204	0.042307110896557	0.0428463363995584	0.0427631589627831	0.042101448181633	0.0409331032434709	0.0393527433960854	0.0374642663851538	0.0353681413891086	0.0331515039447929	0.0308820878138306	0.0286064973933589	0.0263518383147301	0	0	0	0	0	0	0	0	0	0	0	0	0	0	0	0	0	0	0	0	0	0	0	0	0	0	0	0	0	0	0	0	0	0	0	0	0	0	0	0	
0.00396716343844278	0.0118942127800224	0.0194692162839295	0.0261058460543507	0.0314540768741754	0.0354902351291533	0.0384026712408023	0.0404172873557264	0.0416937765868392	0.0423120888794085	0.0423131745100918	0.0417408791678372	0.0406613634434846	0.0391626698852631	0.0373436597250961	0.0353022825806006	0.0331253876607678	0.0308821767856882	0.0286223235376015	0.026376122744288	0	0	0	0	0	0	0	0	0	0	0	0	0	0	0	0	0	0	0	0	0	0	0	0	0	0	0	0	0	0	0	0	0	0	0	0	0	0	0	0	
0.0035902843028053	0.0108941884152523	0.0181204677621477	0.0246755327726614	0.0301247781110744	0.0343370454965566	0.0374197470246839	0.0395668436007587	0.0409451336212869	0.0416543056085331	0.0417489077637411	0.0412752270934627	0.0402945509136691	0.0388883366200753	0.03714989063491	0.0351738282438932	0.0330460212348292	0.0308369017127482	0.0285993247375168	0.0263666775743668	0	0	0	0	0	0	0	0	0	0	0	0	0	0	0	0	0	0	0	0	0	0	0	0	0	0	0	0	0	0	0	0	0	0	0	0	0	0	0	0	
0.00321650113906918	0.00988276334287631	0.0167118986447268	0.023125579055127	0.0286313966463365	0.033002985466149	0.0362629431396175	0.0385600066944673	0.0400568932335893	0.0408687837622484	0.0410648454966698	0.0406966115001256	0.0398227684447382	0.0385187765145217	0.0368714596565883	0.0349712502967926	0.0329026453747041	0.0307368341534945	0.0285294722894002	0.0263167606321087	0	0	0	0	0	0	0	0	0	0	0	0	0	0	0	0	0	0	0	0	0	0	0	0	0	0	0	0	0	0	0	0	0	0	0	0	0	0	0	0	
0.00285207561393876	0.00887871425290195	0.0152713638733731	0.0214848560080661	0.0269955297712445	0.0314983475206955	0.0349332990453556	0.037393403822727	0.0390247256802152	0.0399506534277601	0.0402546818367873	0.0399970321506226	0.0392363397650125	0.0380423867092193	0.0364952807007411	0.0346813558821169	0.0326828666536258	0.0305705377169421	0.0284025622515837	0.0262177181760149	0	0	0	0	0	0	0	0	0	0	0	0	0	0	0	0	0	0	0	0	0	0	0	0	0	0	0	0	0	0	0	0	0	0	0	0	0	0	0	0	
0.00250232846346042	0.00789981593203132	0.0138272740577633	0.0197849216409155	0.0252436482537643	0.0298392566765677	0.033436619460275	0.0360657697803275	0.0378436358588344	0.0388935860953693	0.0393121638783977	0.0391694663078891	0.0385253796068022	0.0374463774786092	0.0360074260199486	0.0342899991294441	0.0323723648163064	0.0303242067541646	0.028206215690258	0.0260588024278168	0	0	0	0	0	0	0	0	0	0	0	0	0	0	0	0	0	0	0	0	0	0	0	0	0	0	0	0	0	0	0	0	0	0	0	0	0	0	0	0	
0.00217178960980332	0.00696214649573813	0.0124069507852692	0.0180592175392101	0.0234082442705608	0.0280495436889226	0.0317842460563181	0.0345772483462096	0.0365083585460108	0.0376924718091031	0.0382321968039841	0.0382057561617772	0.0376787920201775	0.0367185349288016	0.0353942532559205	0.0337815341323032	0.0319547292267146	0.0299822445029142	0.0279260265816547	0.025826766929591	0	0	0	0	0	0	0	0	0	0	0	0	0	0	0	0	0	0	0	0	0	0	0	0	0	0	0	0	0	0	0	0	0	0	0	0	0	0	0	0	
0.00186426714186453	0.00607907624385608	0.0110364345325314	0.0163441458882164	0.0215275311494035	0.0261583093424971	0.0299914452946863	0.0329327191635732	0.0350193143090111	0.0363438495937191	0.0370063401155711	0.0370958918671371	0.0366875875895883	0.0358480221217695	0.0346407766911337	0.0331390083368405	0.0314130210897679	0.0295276582671515	0.0275452106741674	0.0255060181015564	0	0	0	0	0	0	0	0	0	0	0	0	0	0	0	0	0	0	0	0	0	0	0	0	0	0	0	0	0	0	0	0	0	0	0	0	0	0	0	0	
0.00158126760078103	0.00526268124634798	0.00974269568619868	0.0146761575372376	0.019639767211391	0.024198422012896	0.0280839197605974	0.0311497280466912	0.0333804984311719	0.0348388138965826	0.0356247626478852	0.0358346127219882	0.0355439633393322	0.0348210883450399	0.0337315968851711	0.0323470285328593	0.0307299395409219	0.0289416753925295	0.0270453516145402	0.0250792623346483	0	0	0	0	0	0	0	0	0	0	0	0	0	0	0	0	0	0	0	0	0	0	0	0	0	0	0	0	0	0	0	0	0	0	0	0	0	0	0	0	
0.00132266702175375	0.00452540468551632	0.00854927535599707	0.0130853238584623	0.0177848846188663	0.0222167074962701	0.0261036552180679	0.029247279268939	0.0315892852054119	0.0331744352403686	0.0340885875954659	0.0344147230049935	0.0342332633080946	0.0336248550290197	0.0326550648728642	0.0313903827137528	0.0298868642828761	0.0282054136811371	0.0264078568364042	0.0245276813519779	0	0	0	0	0	0	0	0	0	0	0	0	0	0	0	0	0	0	0	0	0	0	0	0	0	0	0	0	0	0	0	0	0	0	0	0	0	0	0	0	
0.00109252506633536	0.00387361535728907	0.00747057272021749	0.0116049653523081	0.0160174045040562	0.0202692885787079	0.0240821458819363	0.0272367980480246	0.0296643172253414	0.0313690271260794	0.0323920533950141	0.0328171911220104	0.0327444831582821	0.0322526840160676	0.0313980272208557	0.030251866557721	0.0288671207869288	0.0273016567231061	0.0256138553354603	0.0238319237158265	0	0	0	0	0	0	0	0	0	0	0	0	0	0	0	0	0	0	0	0	0	0	0	0	0	0	0	0	0	0	0	0	0	0	0	0	0	0	0	0	
0.00089009329221964	0.00330896787110592	0.00653350487138688	0.0102838098174867	0.0143872819634791	0.0183813608191584	0.0220423514109304	0.025175147128636	0.0276548375280024	0.029417683602026	0.030513185603073	0.031040712857803	0.0310770237229456	0.0306888761541912	0.0299433718670078	0.0289189614498443	0.0276565818999537	0.0262138621905343	0.024645592970611	0.0229738247202642	0	0	0	0	0	0	0	0	0	0	0	0	0	0	0	0	0	0	0	0	0	0	0	0	0	0	0	0	0	0	0	0	0	0	0	0	0	0	0	0	
0.000693468216371514	0.00285681057695004	0.00578903589397536	0.00914811028694978	0.0128974792271796	0.0165840598154581	0.0200866859642256	0.0231396130621108	0.0255478615523511	0.0273041143962908	0.0284757041949707	0.0290950305926517	0.0292115264276571	0.0289144434313294	0.0282809597019866	0.0273814232399864	0.0262403119471545	0.0249275116353147	0.0234891527933124	0.0219370161321759	0	0	0	0	0	0	0	0	0	0	0	0	0	0	0	0	0	0	0	0	0	0	0	0	0	0	0	0	0	0	0	0	0	0	0	0	0	0	0	0	
0.000514415712343876	0.00254740900087544	0.00524194654840448	0.00817470817635853	0.0115904040191548	0.0150288282724053	0.0182969858987154	0.0210728562951377	0.0233365827772219	0.0251086223603078	0.0263106399227383	0.0269474374605314	0.027126779719416	0.0269304208864611	0.0264028813806998	0.0256217343524547	0.0246058785424939	0.0234329983001336	0.0221329718615247	0.0207094474672071	0	0	0	0	0	0	0	0	0	0	0	0	0	0	0	0	0	0	0	0	0	0	0	0	0	0	0	0	0	0	0	0	0	0	0	0	0	0	0	0	
0.000417905395248625	0.0023475439424928	0.0048617949717348	0.00743859657404419	0.0106709807627324	0.0137537846938584	0.0165086917649805	0.0189902172641453	0.0211920215133742	0.0228683791901473	0.0239613054796365	0.0245942546235583	0.0248394501840496	0.0247233630488747	0.0242933992267234	0.0236310833124424	0.0227429025696263	0.0217248504663784	0.0205694103797274	0.0192847453809516	0	0	0	0	0	0	0	0	0	0	0	0	0	0	0	0	0	0	0	0	0	0	0	0	0	0	0	0	0	0	0	0	0	0	0	0	0	0	0	0	
0.000271082346140732	0.00229338407309117	0.00486306169768213	0.0072226632039257	0.0101019066768948	0.0124286672559821	0.0147966820898448	0.0171986920306004	0.0191125869443841	0.020459319059393	0.0214451571722201	0.0220905640819369	0.0223480821420869	0.0222671992058325	0.0219366350712547	0.0214101549923353	0.0206474723653342	0.0198000634485119	0.0188006231060212	0.0176588255747216	0	0	0	0	0	0	0	0	0	0	0	0	0	0	0	0	0	0	0	0	0	0	0	0	0	0	0	0	0	0	0	0	0	0	0	0	0	0	0	0	
-0.00013079354114077	0.00262911843508729	0.00567845102535953	0.00739718305493242	0.00934645841451128	0.011322592896633	0.0137109422663775	0.0155557328960601	0.0168281673903683	0.0179543069512056	0.0188673007129546	0.0194086343305279	0.0196241932626495	0.0195824691739472	0.0193300994217404	0.0189294339677269	0.0183221348158109	0.0176680018905937	0.016829116051477	0.0158528639965612	0	0	0	0	0	0	0	0	0	0	0	0	0	0	0	0	0	0	0	0	0	0	0	0	0	0	0	0	0	0	0	0	0	0	0	0	0	0	0	0	
-0.00012564950696683	0.00346676241955671	0.00687695042488591	0.00710062264391896	0.00902199043561935	0.0113890309242647	0.0127889732890037	0.0135454309327171	0.01453011996669	0.015515472357175	0.0161529719593862	0.0165096450893815	0.016687073736973	0.016681490513387	0.0164924561771797	0.0161687618666829	0.0157257689063721	0.0153427361231525	0.0146705786487903	0.0139421834875191	0	0	0	0	0	0	0	0	0	0	0	0	0	0	0	0	0	0	0	0	0	0	0	0	0	0	0	0	0	0	0	0	0	0	0	0	0	0	0	0	
0.000626451115067397	0.00463404912433143	0.00748560367687739	0.0076014495584817	0.010715229901746	0.0114095851661988	0.0110454605337004	0.0115956343724826	0.0124516970940436	0.0129379180103656	0.013221996744146	0.0134551068627367	0.0135708166766028	0.0135447796349151	0.013423776390215	0.0131834444416478	0.012831109677765	0.0127460715764396	0.012353675601586	0.0119539404738968	0	0	0	0	0	0	0	0	0	0	0	0	0	0	0	0	0	0	0	0	0	0	0	0	0	0	0	0	0	0	0	0	0	0	0	0	0	0	0	0	
-0.000980320717448241	0.00549790301617343	0.011239377176609	0.0124013668508916	0.0119036010775029	0.00963453068411196	0.00939758124308749	0.0100182650791629	0.0101227584935752	0.0100683821918363	0.010157017487595	0.0102551431433607	0.0102661070389142	0.0102023530953414	0.0101098132077844	0.00997234077573111	0.00972713705281021	0.00975957552293069	0.00964057574879329	0.00971823121046655	0	0	0	0	0	0	0	0	0	0	0	0	0	0	0	0	0	0	0	0	0	0	0	0	0	0	0	0	0	0	0	0	0	0	0	0	0	0	0	0	
-0.00563546095968116	0.00657998086346653	0.0229060922583782	0.0161595224666227	0.00949199035857036	0.00795543864634574	0.00832779695353773	0.00793592662282969	0.00729643552017304	0.00703191060521293	0.00695172624746802	0.00686390087401125	0.00677151273935372	0.00669008187843854	0.00660167893665259	0.00647899044504992	0.00639217085729346	0.00648154923887507	0.0061675639260972	0.00678573532586998	0	0	0	0	0	0	0	0	0	0	0	0	0	0	0	0	0	0	0	0	0	0	0	0	0	0	0	0	0	0	0	0	0	0	0	0	0	0	0	0	
-0.00226902916790229	0.0138418497294107	0.0244438675705844	0.00984250273371691	0.00536032385062636	0.00623229660262544	0.00572543759029165	0.00461614740724797	0.00404839683191643	0.00378483584608616	0.00356281806352441	0.00338871163562601	0.00326733371639075	0.00317975718359683	0.00311249076600138	0.00299702224145804	0.00294009857249971	0.00312365586686538	0.00265830200388244	0.00275596285753638	0	0	0	0	0	0	0	0	0	0	0	0	0	0	0	0	0	0	0	0	0	0	0	0	0	0	0	0	0	0	0	0	0	0	0	0	0	0	0	0	
0.00378144118737409	0.0105101336023225	0.00637592320385934	0.000207507948504855	0.000808267425538735	0.00156171589466902	0.00108177089225834	0.000751243656223661	0.000717762311553592	0.000671333244840166	0.000600182061082597	0.000561310970137775	0.000538761563559591	0.000517091170468223	0.000507519639281614	0.000482624731996979	0.000443643858618762	0.000557044844905566	0.000415959048860384	4.42929434734226e-05	0	0	0	0	0	0	0	0	0	0	0	0	0	0	0	0	0	0	0	0	0	0	0	0	0	0	0	0	0	0	0	0	0	0	0	0	0	0	0	0	
