-5.27884305169976e-06	-1.5539118366657e-05	-1.63820390023268e-05	-1.5416431277727e-05	-1.21375523534691e-05	-7.00458440993762e-06	-1.21521769730033e-06	4.76562067371734e-06	1.08116246743418e-05	1.69107764136678e-05	2.32273277844649e-05	3.01212337220978e-05	3.7575774204501e-05	4.51847753008695e-05	5.42690039875035e-05	6.54185671353541e-05	7.15028788137768e-05	7.63086169607343e-05	0.000105685945187267	0.000108329279447711	0	0	0	0	0	0	0	0	0	0	0	0	0	0	0	0	0	0	0	0	0	0	0	0	0	0	0	0	0	0	0	0	0	0	0	0	0	0	0	0	
-3.51385578192006e-05	-8.56494345921614e-05	-9.96484154230267e-05	-9.11709939441059e-05	-6.75231502176466e-05	-3.29451750853136e-05	6.88248402645758e-06	4.84953600077053e-05	9.06602863579305e-05	0.000133539075253211	0.000178230190229149	0.000226029145729633	0.000277362496761413	0.000332855451628439	0.000394085893860472	0.000456639761679105	0.000512721810076653	0.000577563970939434	0.000655727247323036	0.00064309481318271	0	0	0	0	0	0	0	0	0	0	0	0	0	0	0	0	0	0	0	0	0	0	0	0	0	0	0	0	0	0	0	0	0	0	0	0	0	0	0	0	
-7.58450844600764e-05	-0.000189213198179004	-0.000225717527086786	-0.000198908188689649	-0.000132228818645169	-3.95555740258344e-05	6.65487149466743e-05	0.000178102117121579	0.00029187275281844	0.000408316753916825	0.000529709182713745	0.000658400250640079	0.000796211055553675	0.000943682553685834	0.0010971596260621	0.00125049179946372	0.00140272573603764	0.0015470557856062	0.00164726282240157	0.00166056517123627	0	0	0	0	0	0	0	0	0	0	0	0	0	0	0	0	0	0	0	0	0	0	0	0	0	0	0	0	0	0	0	0	0	0	0	0	0	0	0	0	
-0.000116450501443871	-0.000292109233721447	-0.00034391321364602	-0.000283131988996499	-0.000150881339706943	2.63986092471036e-05	0.000227770873577961	0.000440776977829794	0.000660163790049268	0.000886189523130886	0.0011218136533512	0.00137031096807974	0.00163296489682032	0.00190601179312008	0.00218212018041015	0.0024549323469312	0.00270923729102302	0.0029140893315494	0.00305085288970131	0.00310783109523735	0	0	0	0	0	0	0	0	0	0	0	0	0	0	0	0	0	0	0	0	0	0	0	0	0	0	0	0	0	0	0	0	0	0	0	0	0	0	0	0	
-0.000148370307554932	-0.000366347629045784	-0.000412489418248264	-0.000295612461204242	-7.50730074758676e-05	0.000211568559418718	0.000535212862497862	0.000879023901897179	0.00123591277662005	0.0016054825055799	0.00199051491329926	0.00239294138608521	0.00280977779708982	0.00323269613678129	0.00365023719524423	0.00404333549457705	0.00438271607130985	0.00464442221553974	0.0048111344037987	0.00486026647821178	0	0	0	0	0	0	0	0	0	0	0	0	0	0	0	0	0	0	0	0	0	0	0	0	0	0	0	0	0	0	0	0	0	0	0	0	0	0	0	0	
-0.000161814865906655	-0.00038819095416043	-0.000397947972509536	-0.000197715569935424	0.000135544650791627	0.000555480790012056	0.001026731755721	0.00152860627902066	0.0020520456402531	0.0025954252114151	0.00315918879489823	0.00374052310957495	0.00433069720896863	0.00491493444171659	0.00547032870683156	0.0059663412841949	0.00637434588105919	0.00667061322487229	0.00682837225360113	0.00683321942486202	0	0	0	0	0	0	0	0	0	0	0	0	0	0	0	0	0	0	0	0	0	0	0	0	0	0	0	0	0	0	0	0	0	0	0	0	0	0	0	0	
-0.000148436400886009	-0.000335643125888019	-0.000271454558411099	4.22741505525793e-05	0.000513693754726287	0.00109014232837869	0.00173220979012093	0.00241648031837111	0.00313159996375998	0.00387289241344878	0.00463563236800316	0.00541013582028416	0.00617940989324075	0.00691744550688166	0.00759086248915571	0.00816609682890592	0.0086125454861078	0.00890161470049935	0.0090120434010421	0.00893899595284808	0	0	0	0	0	0	0	0	0	0	0	0	0	0	0	0	0	0	0	0	0	0	0	0	0	0	0	0	0	0	0	0	0	0	0	0	0	0	0	0	
-0.000100782578874907	-0.000189166681503357	-7.87140637435056e-06	0.00045041226502627	0.0010844621288097	0.00183885818638894	0.00267221429991527	0.00355919249087865	0.00448518874354491	0.00544002902985093	0.00641141675049742	0.00738015334692667	0.00831756771228198	0.00918698316996816	0.00994961852790159	0.0105688412494909	0.0110116397794048	0.0112539295527059	0.0112820907948372	0.0110970650752193	0	0	0	0	0	0	0	0	0	0	0	0	0	0	0	0	0	0	0	0	0	0	0	0	0	0	0	0	0	0	0	0	0	0	0	0	0	0	0	0	
-1.19019100313436e-05	6.81590795319707e-05	0.000413382970791626	0.00104660409613247	0.00186515211131524	0.00281570154898774	0.00385698787134305	0.0049615383174776	0.00610984757450882	0.00728399576277624	0.00846138330052335	0.00961055509518934	0.0106913847465587	0.011659845219723	0.0124730803080599	0.0130930484455447	0.0134911880345739	0.0136510522278524	0.0135650442395725	0.0132420512167804	0	0	0	0	0	0	0	0	0	0	0	0	0	0	0	0	0	0	0	0	0	0	0	0	0	0	0	0	0	0	0	0	0	0	0	0	0	0	0	0	
0.000124210474944923	0.000450281066543697	0.00100754518559767	0.00184360995465788	0.00286479160056033	0.0040253450574339	0.00528595099780289	0.00661610499785804	0.00798932179189088	0.00937739629068895	0.0107450349806413	0.0120483130264622	0.0132379257232233	0.0142644884440948	0.015083726888621	0.0156616285028824	0.0159771446761177	0.0160212767376642	0.0157948106175876	0.0153141319612544	0	0	0	0	0	0	0	0	0	0	0	0	0	0	0	0	0	0	0	0	0	0	0	0	0	0	0	0	0	0	0	0	0	0	0	0	0	0	0	0	
0.000312127773789162	0.000967167641309468	0.00178378035600131	0.00284652882521629	0.0040837556269765	0.00546295790573128	0.00694798380804069	0.0085039671688298	0.0100949932030522	0.0116802316169281	0.0132111232291209	0.0146327972275057	0.0158889220944154	0.016927812566874	0.0177083792131212	0.0182036246683577	0.0184005765371395	0.0182990470694421	0.0179091650592544	0.017252770778909	0	0	0	0	0	0	0	0	0	0	0	0	0	0	0	0	0	0	0	0	0	0	0	0	0	0	0	0	0	0	0	0	0	0	0	0	0	0	0	0	
0.00055457150075311	0.00162382048807616	0.00274443971486211	0.0040526526498846	0.00551389513003811	0.00711459151578917	0.00882232728018425	0.0105960058266508	0.0123880020056451	0.0141437879288307	0.015802350359438	0.0172998977188035	0.0185761742491085	0.0195812811351346	0.0202802738369981	0.020654249839537	0.0206993417161877	0.0204247119339174	0.0198493787030618	0.0190001427652573	0	0	0	0	0	0	0	0	0	0	0	0	0	0	0	0	0	0	0	0	0	0	0	0	0	0	0	0	0	0	0	0	0	0	0	0	0	0	0	0	
0.000852021255206528	0.00241960830558854	0.00388467358087295	0.00545160043944773	0.00713918506598013	0.00895818972282604	0.0108799014444607	0.0128549678636697	0.0148225920270128	0.0167146695004545	0.018459306539701	0.0199866765585949	0.0212363546154541	0.0221632245842596	0.0227399941569697	0.0229568885512133	0.0228196892521119	0.0223467070188763	0.0215660058036647	0.0205101141284657	0	0	0	0	0	0	0	0	0	0	0	0	0	0	0	0	0	0	0	0	0	0	0	0	0	0	0	0	0	0	0	0	0	0	0	0	0	0	0	0	
0.00120245823548231	0.00334793447160401	0.00519253206237808	0.00702591119544874	0.00893674057327621	0.0109649641069367	0.0130851935513473	0.0152382253110971	0.0173495170806528	0.0193383614738698	0.0211244354982149	0.0226352806081434	0.0238133562130469	0.0246202409387266	0.0250375215758642	0.0250652738885612	0.0247191391028444	0.0240269927992367	0.0230265007752256	0.0217570174544741	0	0	0	0	0	0	0	0	0	0	0	0	0	0	0	0	0	0	0	0	0	0	0	0	0	0	0	0	0	0	0	0	0	0	0	0	0	0	0	0	
0.00160129636095587	0.00439629714741542	0.00664951284715177	0.00875205006908123	0.0108781060217078	0.0131010782163512	0.0153985775756627	0.0177005934633466	0.0199190882049421	0.0219625731098841	0.0237452801572823	0.0251951603286846	0.026259807508059	0.026909022698907	0.0271342587527733	0.0269460309714049	0.0263705424086625	0.0254460931725359	0.0242202209743068	0.0227398375637361	0	0	0	0	0	0	0	0	0	0	0	0	0	0	0	0	0	0	0	0	0	0	0	0	0	0	0	0	0	0	0	0	0	0	0	0	0	0	0	0	
0.0020415020300117	0.00554676717088138	0.00823147584485227	0.0106016514726687	0.0129307806694271	0.0153295609704293	0.0177786156443537	0.0201968870470419	0.0224839353471474	0.0245399042948992	0.0262764675681357	0.0276244811567207	0.0285385194278064	0.0289978816363123	0.0290047963314567	0.0285811628770446	0.0277647617290811	0.0266049305917312	0.025158727754873	0.0234804399334373	0	0	0	0	0	0	0	0	0	0	0	0	0	0	0	0	0	0	0	0	0	0	0	0	0	0	0	0	0	0	0	0	0	0	0	0	0	0	0	0	
0.0025138947394361	0.00677681297844509	0.00990981140588613	0.0125429087016188	0.0150598549435859	0.0176121917450509	0.0201841374223264	0.0226841649294538	0.0250011864214834	0.0270295378988353	0.0286809052675265	0.0298911659162322	0.0306234383486272	0.0308676888691743	0.0306380384440508	0.0299689034039457	0.0289103849244091	0.027522812769288	0.0258716236716053	0.0240172248825161	0	0	0	0	0	0	0	0	0	0	0	0	0	0	0	0	0	0	0	0	0	0	0	0	0	0	0	0	0	0	0	0	0	0	0	0	0	0	0	0	
0.00300759618698745	0.00806036987220926	0.0116527545947086	0.0145420100793072	0.0172295744461301	0.0199111943782249	0.0225760435130947	0.0251234788100391	0.0274338688338021	0.0293982075038542	0.0309304667680766	0.0319733512807085	0.0324999074401123	0.0325120016902217	0.0320368373534351	0.0311221961699212	0.0298305891876157	0.0282324515352492	0.0263997155823906	0.0243968059190054	0	0	0	0	0	0	0	0	0	0	0	0	0	0	0	0	0	0	0	0	0	0	0	0	0	0	0	0	0	0	0	0	0	0	0	0	0	0	0	0	
0.00351057695580107	0.00936905744501451	0.0134267347602997	0.0165644852415255	0.0194047262295791	0.0221906796031086	0.0249187041474777	0.0274810120727775	0.0297516692825576	0.0316206186338261	0.0330060921383359	0.0338591769632228	0.0341641574530817	0.0339360011676655	0.0332159002956201	0.0320652353932856	0.0305582050752634	0.028773665344608	0.0267876846566471	0.0246661601765167	0	0	0	0	0	0	0	0	0	0	0	0	0	0	0	0	0	0	0	0	0	0	0	0	0	0	0	0	0	0	0	0	0	0	0	0	0	0	0	0	
0.00401025095088751	0.0106734424698559	0.0151976504958198	0.0185763764133522	0.0215517972953556	0.0244177589323775	0.0271808781167304	0.0297286800234744	0.0319311832274631	0.0336793338062564	0.0348973070679726	0.0355459376958239	0.0356219276952956	0.035154262148453	0.03419847507572	0.0328290281202549	0.0311303200552494	0.02918739400405	0.0270779558284644	0.0248668222107865	0	0	0	0	0	0	0	0	0	0	0	0	0	0	0	0	0	0	0	0	0	0	0	0	0	0	0	0	0	0	0	0	0	0	0	0	0	0	0	0	
0.00449406826434466	0.0119442475165198	0.016931998026871	0.0205451982309447	0.0236398547964214	0.0265632846282455	0.029336195484745	0.0318442856192328	0.0339557045532428	0.0355641806731318	0.0366012496066634	0.0370386381191097	0.0368863494948239	0.0361878128486171	0.0350125856405786	0.0334469788382125	0.0315835585889915	0.0295111049270876	0.0273066297453812	0.0250316637927311	0	0	0	0	0	0	0	0	0	0	0	0	0	0	0	0	0	0	0	0	0	0	0	0	0	0	0	0	0	0	0	0	0	0	0	0	0	0	0	0	
0.00495005979374168	0.0131534327970846	0.0185978175398	0.0224406606173138	0.0256411237496925	0.0286022405597906	0.0313632742574498	0.0338112961810004	0.0358146355116685	0.0372712951902086	0.0381213052299077	0.0383481104983228	0.037975457087769	0.0370610566831204	0.035687522776393	0.0339512500372706	0.0319506900544456	0.0297760042549854	0.0275015728968232	0.0251840039025743	0	0	0	0	0	0	0	0	0	0	0	0	0	0	0	0	0	0	0	0	0	0	0	0	0	0	0	0	0	0	0	0	0	0	0	0	0	0	0	0	
0.00536730048618328	0.014275106551646	0.0201654392031933	0.0242351493675688	0.0275312818552375	0.0305138344877734	0.0332455327009849	0.0356183240540668	0.0375026289308581	0.0388019141275209	0.0394655007222737	0.0394889675004098	0.0389097270930105	0.0377990312222316	0.0362510694899517	0.0343702700822114	0.03225872104426	0.0300059402251424	0.0276822590361532	0.0253383734812682	0	0	0	0	0	0	0	0	0	0	0	0	0	0	0	0	0	0	0	0	0	0	0	0	0	0	0	0	0	0	0	0	0	0	0	0	0	0	0	0	
0.00573627327144013	0.015286239240144	0.0216080290028689	0.0259039883251752	0.0292895110975196	0.0322813430986421	0.0349707702629751	0.0372584102031345	0.0390185703635339	0.0401610443045609	0.0406448511181206	0.0404776601699234	0.039709955079731	0.0384252985124586	0.0367276604356903	0.0347274121677071	0.0325282812504018	0.0302175880764326	0.0278607510201265	0.0255021793479524	0	0	0	0	0	0	0	0	0	0	0	0	0	0	0	0	0	0	0	0	0	0	0	0	0	0	0	0	0	0	0	0	0	0	0	0	0	0	0	0	
0.00604912632342995	0.0161671767502577	0.0229019548822309	0.0274255222416961	0.030898350840866	0.0338917676661842	0.0365305974743899	0.0387282026398736	0.0403645025549454	0.041356144880749	0.0416718366743527	0.041330835436257	0.0403956440911015	0.0389605658218071	0.0371374394736538	0.0350406449581508	0.0327739417707031	0.030421419514359	0.028043233939671	0.0256776433148282	0	0	0	0	0	0	0	0	0	0	0	0	0	0	0	0	0	0	0	0	0	0	0	0	0	0	0	0	0	0	0	0	0	0	0	0	0	0	0	0	
0.00629982583779022	0.0169019659952051	0.0240270046632708	0.0287810637852396	0.0323434027891939	0.0353353617416431	0.0379197868016072	0.0400271098727469	0.041544588095666	0.0423959372983124	0.0425591298355907	0.0420640938233558	0.0409839486539389	0.0394219811887128	0.0374960386395775	0.0353228606520881	0.0330050782473609	0.0306230163678161	0.0282316518916913	0.0258636051394844	0	0	0	0	0	0	0	0	0	0	0	0	0	0	0	0	0	0	0	0	0	0	0	0	0	0	0	0	0	0	0	0	0	0	0	0	0	0	0	0	
0.00648421532244089	0.0174785175097592	0.0249664900658839	0.0299547508614237	0.0336129411955665	0.0366050861133246	0.0391356033316532	0.0411564970370452	0.042564185726752	0.0432894164128936	0.0433186285640112	0.0426911623048567	0.0414891184656451	0.0398229602774307	0.0378148499711997	0.0355825865681931	0.0332269533532094	0.030824410189789	0.0284251725436133	0.0260569812583648	0	0	0	0	0	0	0	0	0	0	0	0	0	0	0	0	0	0	0	0	0	0	0	0	0	0	0	0	0	0	0	0	0	0	0	0	0	0	0	0	
0.00659999744508232	0.0178886348982621	0.0257072714259135	0.0309333604918789	0.0346974788073258	0.0376960367464795	0.0401771609150335	0.042118974089982	0.0434290866727654	0.0440450943876571	0.0439607975649911	0.0432234347888426	0.0419223318681876	0.0401733728366889	0.0381015715556324	0.0358248412839026	0.0334417905300255	0.0310252587212572	0.0286213515128424	0.0262538227074643	0	0	0	0	0	0	0	0	0	0	0	0	0	0	0	0	0	0	0	0	0	0	0	0	0	0	0	0	0	0	0	0	0	0	0	0	0	0	0	0	
0.00664665578156916	0.0181279424106921	0.0262397356857621	0.0317061212868724	0.0355893335684599	0.038604882681394	0.0410448345315276	0.0429178035699879	0.0441449293521239	0.0446704746959635	0.0444942806286293	0.0436697998473726	0.0422917940292856	0.0404799286820752	0.0383608528558548	0.0360519702517604	0.0336497057707867	0.0312237747712696	0.0288169719728591	0.0264500066538559	0	0	0	0	0	0	0	0	0	0	0	0	0	0	0	0	0	0	0	0	0	0	0	0	0	0	0	0	0	0	0	0	0	0	0	0	0	0	0	0	
0.00662533308431273	0.0181957396673844	0.0265577551043551	0.0322645602122921	0.0362822358041064	0.0393293427381893	0.0417397442912887	0.0435564349350643	0.0447167886423835	0.0451717309295747	0.0449257280225677	0.0440366669367332	0.0426029848973821	0.0407466365238246	0.0385949190131565	0.0362643637398768	0.0338494378012404	0.0314173947317753	0.0290085940022575	0.0266416352506755	0	0	0	0	0	0	0	0	0	0	0	0	0	0	0	0	0	0	0	0	0	0	0	0	0	0	0	0	0	0	0	0	0	0	0	0	0	0	0	0	
0.00653868052699158	0.0180948073283538	0.0266586472701696	0.0326024124894821	0.0367710100116821	0.0398677223942175	0.0422633140310148	0.0440381570835216	0.0451489211258195	0.045553553607617	0.0452597783875678	0.0443281106325146	0.0428589670753819	0.0409752487004364	0.0388041019791995	0.0364610119354523	0.0340388676121513	0.0316032136126375	0.0291928703565105	0.0268252219814222	0	0	0	0	0	0	0	0	0	0	0	0	0	0	0	0	0	0	0	0	0	0	0	0	0	0	0	0	0	0	0	0	0	0	0	0	0	0	0	0	
0.00639068901457305	0.0178311813096047	0.0265431490459143	0.0327156147146603	0.0370513594286748	0.0402185284098132	0.0426169011759739	0.0443658504805281	0.0454446377862223	0.0458191244706118	0.0454991417248922	0.0445460720225963	0.0430606926165253	0.041165637963097	0.0389872430826755	0.0366398903625682	0.0342153468519354	0.0317782250292072	0.0293666855744476	0.0269977370484961	0	0	0	0	0	0	0	0	0	0	0	0	0	0	0	0	0	0	0	0	0	0	0	0	0	0	0	0	0	0	0	0	0	0	0	0	0	0	0	0	
0.00618651007109559	0.0174139054830741	0.0262154075140796	0.0326023916387064	0.0371197782393613	0.0403801807590664	0.0428014922278235	0.0445418114945213	0.0456062695244974	0.045970183293099	0.0456447464988549	0.044690576189558	0.0432072685706563	0.0413160803495707	0.0391419639126802	0.0367981890689822	0.0343758592768756	0.0319394059753857	0.0295271705620398	0.0271565614733755	0	0	0	0	0	0	0	0	0	0	0	0	0	0	0	0	0	0	0	0	0	0	0	0	0	0	0	0	0	0	0	0	0	0	0	0	0	0	0	0	
0.00593227040224586	0.0168547637130808	0.0256829824382533	0.0322634408636493	0.0369736130230079	0.0403508408076768	0.0428174569710362	0.0445676204012298	0.045635195374927	0.0460071624052173	0.0456959238066308	0.0447599363825237	0.0432961644751358	0.0414234480270429	0.0392648174613087	0.0369323986648789	0.0345170428691531	0.0320836886801644	0.0296716281874777	0.0272993741043965	0	0	0	0	0	0	0	0	0	0	0	0	0	0	0	0	0	0	0	0	0	0	0	0	0	0	0	0	0	0	0	0	0	0	0	0	0	0	0	0	
0.00563488063276343	0.0161679891227543	0.0249568487686209	0.0317022076108805	0.0366112822921211	0.0401283729338399	0.0426643677950972	0.0444440400015947	0.0455319063436999	0.0459293572114486	0.0456506038338684	0.0447509415630754	0.0433233768136219	0.0414833211064259	0.0393513229200161	0.0370382799408957	0.0346351144596698	0.0322078406584766	0.0297973793107427	0.0274239935989947	0	0	0	0	0	0	0	0	0	0	0	0	0	0	0	0	0	0	0	0	0	0	0	0	0	0	0	0	0	0	0	0	0	0	0	0	0	0	0	0	
0.00530183799382502	0.0153699465801792	0.0240513750798767	0.0309252178259074	0.0360326558366966	0.0397104788974786	0.0423409147961906	0.044170930763027	0.0452960590020473	0.0457350993213446	0.0455055325595614	0.0446590530137103	0.0432835522721111	0.0414900137734226	0.0393959185919456	0.0371107654464122	0.0347257091577534	0.0323082533125578	0.0299015504307469	0.0275281886894595	0	0	0	0	0	0	0	0	0	0	0	0	0	0	0	0	0	0	0	0	0	0	0	0	0	0	0	0	0	0	0	0	0	0	0	0	0	0	0	0	
0.00494102492677788	0.0144787685053226	0.0229842398803605	0.0299424429681944	0.0352396077068407	0.0390950453799816	0.041844931626046	0.043747155503724	0.0449264953316376	0.0454219469866484	0.0452565256324895	0.0444785870124115	0.0431700564760354	0.0414365728782425	0.0393918977020353	0.0371437876375121	0.0347836245976425	0.0323806840079619	0.0299808304875488	0.0276094276087901	0	0	0	0	0	0	0	0	0	0	0	0	0	0	0	0	0	0	0	0	0	0	0	0	0	0	0	0	0	0	0	0	0	0	0	0	0	0	0	0	
0.00456049957797288	0.0135139330437686	0.021776269682972	0.0287676784894083	0.0342367081958946	0.0382806722862254	0.041173550708977	0.0431705392888296	0.0444212791286562	0.0449868662345251	0.0448986733477489	0.0442028669528342	0.0429750949674946	0.0413148210466647	0.0393312807440405	0.0371300286885435	0.0348025599804511	0.032419981225876	0.0300311532487695	0.0276645706046744	0	0	0	0	0	0	0	0	0	0	0	0	0	0	0	0	0	0	0	0	0	0	0	0	0	0	0	0	0	0	0	0	0	0	0	0	0	0	0	0	
0.00416827122903378	0.0124958160445383	0.0204511883353643	0.0274188166521873	0.0330319400525524	0.0372674139505547	0.0403236405206588	0.042437997092219	0.0437776879914371	0.0444262451785885	0.0444264945465883	0.0438245151304327	0.0426899305063712	0.0411153200364732	0.039204637620878	0.0370607552607791	0.034774883546032	0.0324197140590978	0.0300473155719632	0.027689567527633	0	0	0	0	0	0	0	0	0	0	0	0	0	0	0	0	0	0	0	0	0	0	0	0	0	0	0	0	0	0	0	0	0	0	0	0	0	0	0	0	
0.00377208659656554	0.0114451915750086	0.0190351683449378	0.0259179091717025	0.0316374832190172	0.0360578891601777	0.0392925754911743	0.0415456817257229	0.0429920379714107	0.0437358999304066	0.0438342776461154	0.043335776600354	0.0423049233121591	0.0408273495164046	0.0390011529714677	0.0369257141654565	0.0346912682574531	0.0323717976027426	0.0300226700749603	0.0276790959503609	0	0	0	0	0	0	0	0	0	0	0	0	0	0	0	0	0	0	0	0	0	0	0	0	0	0	0	0	0	0	0	0	0	0	0	0	0	0	0	0	
0.00337924967780961	0.0103826045438075	0.017556184706141	0.0242912115902443	0.0300705995544036	0.0346584274987901	0.0380790106861543	0.0404892513296984	0.0420598427875641	0.0429113690684066	0.0431161988253383	0.0427284117626817	0.0418097046182857	0.0404393459498485	0.038708716053035	0.0367128283074204	0.034540441737447	0.03226631818277	0.0299487825568195	0.0276261064057113	0	0	0	0	0	0	0	0	0	0	0	0	0	0	0	0	0	0	0	0	0	0	0	0	0	0	0	0	0	0	0	0	0	0	0	0	0	0	0	0	
0.00299637560749617	0.00932781888763923	0.016043501179437	0.0225690251208539	0.0283539420297329	0.0330798531969872	0.0366840531441416	0.0392651252008667	0.0409764946782218	0.041947556941138	0.0422657277023925	0.0419940270780862	0.0411940084487722	0.0399390836165935	0.0383136487774902	0.0364082610285438	0.0343093412813665	0.0320912599532728	0.029814973157146	0.0275215246687251	0	0	0	0	0	0	0	0	0	0	0	0	0	0	0	0	0	0	0	0	0	0	0	0	0	0	0	0	0	0	0	0	0	0	0	0	0	0	0	0	
0.0026291080980735	0.00829953539119097	0.0145269547238605	0.0207845432112072	0.0265153410627258	0.0313390404691678	0.0351136634708051	0.0378718916594846	0.0397368428407071	0.040837987797615	0.041276265741243	0.0411250634997021	0.04044744106566	0.0393132566008707	0.0378013152378807	0.0359970544602313	0.0339829262857644	0.0318321768480463	0.0296082421804029	0.0273540479551202	0	0	0	0	0	0	0	0	0	0	0	0	0	0	0	0	0	0	0	0	0	0	0	0	0	0	0	0	0	0	0	0	0	0	0	0	0	0	0	0	
0.00228226882200466	0.00731468703055641	0.0130352945436599	0.0189729543989763	0.0245888131544033	0.0294608150510916	0.0333796871474724	0.0363099037247101	0.0383355477330726	0.0395771122879562	0.0401422046941499	0.040113082638414	0.0395585728316054	0.0385489378832187	0.037157206830585	0.0354628120493686	0.0335440509389187	0.0314726513371199	0.0293134062739675	0.0271097937093612	0	0	0	0	0	0	0	0	0	0	0	0	0	0	0	0	0	0	0	0	0	0	0	0	0	0	0	0	0	0	0	0	0	0	0	0	0	0	0	0	
0.00195991756427233	0.00638740218733709	0.011595889162021	0.0171723605604624	0.0226143367744309	0.0274758667653962	0.0314984586062962	0.0345843010379424	0.0367725907164065	0.0381610353696509	0.0388550870955095	0.0389478997607323	0.0385176708161166	0.0376344747653968	0.0363657444784568	0.0347878550990821	0.0329748087787329	0.0309947571461374	0.0289128776023213	0.0267723991847466	0	0	0	0	0	0	0	0	0	0	0	0	0	0	0	0	0	0	0	0	0	0	0	0	0	0	0	0	0	0	0	0	0	0	0	0	0	0	0	0	
0.00166378464081559	0.00553040453701167	0.0102368556652933	0.0154210613467965	0.0206324313022658	0.0254190121697355	0.0294966768242256	0.0327126744033916	0.0350520144132721	0.0365813155703874	0.0374049394654275	0.0376232647475482	0.037316235929655	0.0365558818159065	0.0354109046401291	0.033955740740589	0.0322569376381028	0.0303788713302441	0.0283873229297084	0.0263236355092047	0	0	0	0	0	0	0	0	0	0	0	0	0	0	0	0	0	0	0	0	0	0	0	0	0	0	0	0	0	0	0	0	0	0	0	0	0	0	0	0	
0.00139395837011729	0.00475668934851039	0.00898294254593962	0.0137512020844179	0.0186851500063901	0.0233386100163875	0.0274173747052163	0.0307154358584068	0.0331725955536788	0.0348347173246633	0.0357915021904631	0.0361316137854989	0.0359398491230772	0.0352996751944445	0.0342799087631761	0.0329504377253885	0.0313711155741406	0.0296051301690941	0.0277170767667079	0.0257437391243298	0	0	0	0	0	0	0	0	0	0	0	0	0	0	0	0	0	0	0	0	0	0	0	0	0	0	0	0	0	0	0	0	0	0	0	0	0	0	0	0	
0.00115471303280943	0.004073174044424	0.0078497654599785	0.0121975245664841	0.0168285410738484	0.0212929177087194	0.0252951432393522	0.0286065981868616	0.0311526487420687	0.0329380165640408	0.0340093785103242	0.0344547824826969	0.0343766546844297	0.033857867238008	0.0329591181995112	0.031754319422325	0.0302996882713705	0.0286552435018808	0.0268823418847568	0.0250124036681884	0	0	0	0	0	0	0	0	0	0	0	0	0	0	0	0	0	0	0	0	0	0	0	0	0	0	0	0	0	0	0	0	0	0	0	0	0	0	0	0	
0.000945580891250306	0.00348215662519078	0.00686465670935383	0.0108098245061742	0.015115222978386	0.0193112162024989	0.0231561742721143	0.0264423344010004	0.0290403570710736	0.0308888450290976	0.0320384076148139	0.0325896099934277	0.0326243731558227	0.0322149758133969	0.0314312674399998	0.0303538091540798	0.0290275508259737	0.0275119160483147	0.0258645232428232	0.024110455722978	0	0	0	0	0	0	0	0	0	0	0	0	0	0	0	0	0	0	0	0	0	0	0	0	0	0	0	0	0	0	0	0	0	0	0	0	0	0	0	0	
0.000744833760715895	0.00300940975706607	0.00607941067358788	0.00961724821851355	0.0135519597097314	0.0174268008266261	0.0211011739041168	0.0243003567851834	0.0268286462318409	0.0286734572718789	0.0298991838656658	0.0305443595138168	0.0306647979332417	0.0303519544511535	0.0296848753938383	0.0287378114855993	0.0275393974562603	0.0261599116256832	0.0246487898107308	0.0230206954895627	0	0	0	0	0	0	0	0	0	0	0	0	0	0	0	0	0	0	0	0	0	0	0	0	0	0	0	0	0	0	0	0	0	0	0	0	0	0	0	0	
0.000564300250125499	0.00268583646179151	0.00550201081539548	0.00859936655747248	0.0121816991612263	0.0157884885669231	0.0192143762047381	0.0221332215611747	0.0245131965829373	0.0263664762755679	0.0276220769190144	0.0282899524780114	0.0284767943968616	0.0282674668682107	0.0277113340002161	0.026888970764734	0.0258221345996696	0.0245888654366558	0.0232229970278869	0.0217304199976728	0	0	0	0	0	0	0	0	0	0	0	0	0	0	0	0	0	0	0	0	0	0	0	0	0	0	0	0	0	0	0	0	0	0	0	0	0	0	0	0	
0.000470496404043506	0.00248092910991874	0.00510232350265099	0.00782970782161046	0.0112074181811225	0.0144397303368137	0.0173447603423402	0.0199558244823276	0.0222554523250524	0.0240078130393624	0.025157328839264	0.0258212844468959	0.02607404822769	0.0259485950597546	0.0254951403542995	0.0247976206295229	0.0238646298849476	0.0227929164755893	0.0215793129039503	0.020232678617118	0	0	0	0	0	0	0	0	0	0	0	0	0	0	0	0	0	0	0	0	0	0	0	0	0	0	0	0	0	0	0	0	0	0	0	0	0	0	0	0	
0.000331816973766359	0.00243345455015621	0.00509369028263579	0.00759169385052471	0.0105995714631738	0.0130644100193291	0.0155601898327561	0.018060540867657	0.0200619403593467	0.0214843357180778	0.0225191266839537	0.0231893313958125	0.0234563781011435	0.0233706805855668	0.0230199421023679	0.0224633029912145	0.0216626701687513	0.0207689175994585	0.0197195554341675	0.0185232118462773	0	0	0	0	0	0	0	0	0	0	0	0	0	0	0	0	0	0	0	0	0	0	0	0	0	0	0	0	0	0	0	0	0	0	0	0	0	0	0	0	
-6.30367985187034e-05	0.00278767326473206	0.0059237462623769	0.00776831257322257	0.0098343204256974	0.0119159748400874	0.0143901526672604	0.0163209745864896	0.0176761168465011	0.0188588149019878	0.0198069923482712	0.0203718601794558	0.020597436205397	0.0205515477077947	0.0202831201537897	0.0198579014061588	0.0192181871815593	0.018526194342429	0.0176459590506238	0.0166233880438976	0	0	0	0	0	0	0	0	0	0	0	0	0	0	0	0	0	0	0	0	0	0	0	0	0	0	0	0	0	0	0	0	0	0	0	0	0	0	0	0	
-4.77589730952905e-05	0.00366333176621367	0.00716931175540148	0.00750519245070985	0.00951273302812306	0.0119310325541625	0.013402648394036	0.0142345340152433	0.015268020089853	0.0162868438189465	0.0169544650389939	0.0173310333699379	0.0175143023217155	0.01750387775664	0.0173029773031723	0.0169618114971717	0.0164911983937415	0.0160789652225054	0.0153748200679406	0.0146088618627844	0	0	0	0	0	0	0	0	0	0	0	0	0	0	0	0	0	0	0	0	0	0	0	0	0	0	0	0	0	0	0	0	0	0	0	0	0	0	0	0	
0.000750483743060234	0.00490579796927062	0.00783138743020042	0.00804237705483217	0.0112121830568826	0.0119377074860092	0.0116207150261407	0.0121946051095309	0.0130675208503434	0.0135784056980313	0.0138816045977228	0.014123107550894	0.0142411520952682	0.0142115195812882	0.0140805104097123	0.0138275890528397	0.0134553003162418	0.013350771153446	0.0129341571004652	0.0125087415943857	0	0	0	0	0	0	0	0	0	0	0	0	0	0	0	0	0	0	0	0	0	0	0	0	0	0	0	0	0	0	0	0	0	0	0	0	0	0	0	0	
-0.000839865345889894	0.00587770160976096	0.0117227693303621	0.012918549198946	0.0124448027526894	0.0101551526074901	0.00989794019117483	0.0105110651886091	0.0106230287347387	0.0105746031273086	0.0106634386254659	0.0107613669093932	0.0107715075292884	0.0107036961362487	0.0106034322473252	0.0104552232042286	0.0101956315206185	0.0102218996421514	0.0100829401032684	0.0101578566967769	0	0	0	0	0	0	0	0	0	0	0	0	0	0	0	0	0	0	0	0	0	0	0	0	0	0	0	0	0	0	0	0	0	0	0	0	0	0	0	0	
-0.00565343337595106	0.007059988872856	0.0237957237715446	0.0168586344350815	0.0100360093181814	0.00838956672893987	0.0087217420573291	0.00831876105630485	0.0076629122920048	0.00738131453583736	0.00729203313716893	0.00719976981798857	0.00710257740463806	0.00701535140642752	0.00692182441414164	0.0067920452899633	0.00669411730981014	0.00678448926435857	0.00645916919504115	0.00710202468647578	0	0	0	0	0	0	0	0	0	0	0	0	0	0	0	0	0	0	0	0	0	0	0	0	0	0	0	0	0	0	0	0	0	0	0	0	0	0	0	0	
-0.00225270102728421	0.0145088498426236	0.0255054815984998	0.0104515910089407	0.00572200444045353	0.00652808379625154	0.00599456082669169	0.00484746724529787	0.00424527897240573	0.00396311281148694	0.00373136304520306	0.00354986439536235	0.00342279602516944	0.00333072942416587	0.00326032464522229	0.00314221203719751	0.00308048864510317	0.00326685538018894	0.00279126644554745	0.00291744577458707	0	0	0	0	0	0	0	0	0	0	0	0	0	0	0	0	0	0	0	0	0	0	0	0	0	0	0	0	0	0	0	0	0	0	0	0	0	0	0	0	
0.00400268999063429	0.0109731915756365	0.00668926360978883	0.000283748433556762	0.000854043956488328	0.00162774419384334	0.00113925122691103	0.000791697878166339	0.000750693124225745	0.000702289822721686	0.000628914106224927	0.000587741273978017	0.000563973211847877	0.000541495167736194	0.00053118719400918	0.000505783363970241	0.000465984152691316	0.000581667128723884	0.000431955646426936	6.57789152284099e-05	0	0	0	0	0	0	0	0	0	0	0	0	0	0	0	0	0	0	0	0	0	0	0	0	0	0	0	0	0	0	0	0	0	0	0	0	0	0	0	0	
